2
4
6
8
10
16
24
26
28
44
46
48
51
53
55
57
65
84
90
97
99
175
181
189
191
193
210
219
222
234
236
240
242
244
270
272
274
277
279
281
284
286
288
290
328
343
349
594
613
619
626
628
721
730
770
779
782
793
795
808
814
821
823
1023
1032
1035
1047
1049
1053
1055
1057
1083
1089
1097
1099
1101
1118
1120
1133
1136
1139
1156
1158
1162
1164
1166
1169
1171
1173
1212
1214
1216
1219
1221
1223
1226
1228
1230
1233
1235
1237
1239
1293
1846
1861
1867
2224
2233
2265
2274
2277
2332
2347
2353
3217
3226
3266
3275
3278
3289
3291
3304
3310
3317
3319
3524
3543
3549
3556
3558
3667
3669
3683
3692
3765
3767
3780
3783
3786
3801
3803
3822
3831
3834
3845
3847
3850
3852
3866
3872
3879
3881
4271
4273
4286
4289
4292
4309
4311
4315
4317
4319
4322
4324
4326
4366
4375
4378
4390
4392
4396
4398
4400
4426
4432
4440
4442
4444
4462
4464
4480
4483
4486
4489
4510
4512
4516
4518
4522
4524
4526
4529
4531
4533
4582
4584
4586
4589
4591
4593
4596
4598
4600
4603
4605
4607
4610
4612
4614
4616