1
2	3
4
5	17
6	12
7	19
8	16
9	20
10	34
11	36
13	18
14
15	35
21
22	28
23	27
24	32
25	31
26	37
29
30	33
38
39	40
41
42	77
43	73
44	62
45	79
46	84
47	83
48	165
49	160
50	167
51	164
52	168
53	67
54	78
55
56	75
57	64
58	81
59	154
60	166
61	162
63	69
65	156
66
68	74
70	80
71	153
72	161
76	155
82	157
85	106
86	100
87	112
88	133
89	140
90	139
91	123
92	130
93	129
94	143
95	169
96	176
97	175
98	180
99	179
101	108
102
103	135
104	125
105	171
107
109	134
110	124
111	170
113
114	141
115	131
116	177
117	144
118	149
119	148
120	152
121	151
122	181
126	137
127
128	173
132	146
136
138	172
142	145
147	178
150
158
159	163
174
182	204
183	208
184	195
185	210
186	211
187	199
188	206
189	203
190	207
191	235
192	237
193	239
194	241
196	209
197	201
198	240
200	205
202	236
212
213	219
214	218
215	221
216	220
217	242
222
223	229
224	228
225	233
226	232
227	238
150	230
231	234
243
244	245
246
247	317
248	313
249	321
250	575
251	571
252	560
253	577
254	582
255	581
256	298
257	290
258	270
259	306
260	319
261	315
262	565
263	576
264	553
265	573
266	562
267	579
268	279
269	300
271	292
272
273	308
274	542
275	567
276	555
277	297
278	288
280	304
281	318
282	314
283	564
284	551
285	572
286	561
287	578
289	299
291
293	307
294	541
295	566
296	554
301	305
302	540
303	552
309
310	543
311	568
312	556
316	545
320	544
322	372
323	465
324	459
325	471
326	423
327	417
328	429
329	488
330	495
331	494
332	604
333	598
334	610
335	631
336	638
337	637
338	621
339	628
340	627
341	641
342	358
343
344	374
345	445
346	467
347	461
348	403
349	425
350	419
351	490
352	584
353	606
354	600
355	633
356	623
357
359	373
360	444
361	466
362	460
363	402
364	424
365	418
366	489
367	583
368	605
369	599
370	632
371	622
375	446
376	404
377	585
378	472
379	479
380	430
381	478
382	436
383	496
384	611
385	639
386	629
387	511
388	507
389	515
390	532
391	537
392	536
393	525
394	530
395	529
396	539
397	642
398	647
399	646
400	650
401	649
405	450
406	469
407	463
408
409	427
410	421
411	492
412	589
413	608
414	602
415	635
416	625
420	452
422	591
426	451
428	590
431	474
432
433	474
432	434
435	613
437	500
438	513
439	509
440	534
441	527
442	644
443	502
447
448	468
449	462
453	491
454	586
455	607
456	601
457	634
458	624
464	588
470	587
473
473	475
431	476
477	612
480	498
481	512
482	508
483	533
484	526
485	643
486	501
487	499
493	592
497	503
504	615
505	640
506	630
510	617
514	616
516
517	523
518	522
519	538
520	531
521	648
524
528	619
535	618
546	569
547	557
548	574
549	563
550	580
558	570
559
593
594	609
595	603
596	636
597	626
614
620	645
651	735
652	759
653	727
654	755
655	697
656	737
657	761
658	762
659	767
660	766
661	731
662	710
663	741
664	742
665	747
666	746
667	980
668	984
669	971
670	986
671	987
672	975
673	982
674	979
675	983
676	1023
677	1018
678	1025
679	1022
680	1026
681	716
682	749
683	760
684
685	757
686	764
687	703
688	733
689	712
690	744
691	960
692	985
693	977
694	1012
695	1024
696	1020
698	751
699	705
700	1014
701	719
702	736
704	729
706	739
707	963
708	981
709	973
711	721
713	965
714
715	748
717	756
718	763
720	732
722	743
723	958
724	976
725	1011
726	1019
728	750
730	1013
734	964
738	752
740	1015
745	966
753	959
754	972
758	961
765	962
768	810
769	817
770	798
771	823
772	804
773	816
774	852
775	859
776	858
777	861
778	868
779	867
780	834
781	841
782	840
783	871
784	842
785	849
786	848
787	860
788	988
789	995
790	994
791	997
792	996
793	1027
794	1034
795	1033
796	1038
797	1037
799	819
800	806
801	863
802	844
803	1029
805	812
807	854
808	836
809	990
811	818
813	862
814	843
815	1028
820	853
821	835
822	989
824
825	869
826	850
827	1035
828	872
829	877
830	876
831	879
832	878
833	1039
837	865
838	846
839	1031
845	856
847	992
851	874
855	864
857	1030
866	991
870	873
875	1036
880	901
881	895
882	907
883	935
884	942
885	941
886	925
887	932
888	931
889	945
890	998
891	1005
892	1004
893	1009
894	1008
896	903
897
898	937
899	927
900	1000
902
904	936
905	926
906	999
516	908
523	909
522	910
538	911
531	912
648	913
518	914
517	915
916	946
917	953
918	952
919	957
920	956
921	1010
922	948
923	947
924	954
928	939
929
930	1002
520	933
934	950
938
940	1001
519	943
944	949
951	1007
955
967
968	978
969	1016
970	1021
974	1017
993	1032
1003
521	1006
1040	1074
1041	1078
759	1042
1043	1060
1044	1084
1045	1085
1046	1064
1047	1080
1048	1068
1049	1081
1050	1069
1051	1076
1052	1073
1053	1077
1054	1122
1055	1124
1056	1126
1057	1128
1058	1130
1059	1132
760	1061
1062	1071
1063	1131
1065	1079
1066
1067	1127
1070	1075
1072	1123
652	1082
683	1083
1086
1087	1093
1088	1092
1089	1095
1090	1094
1091	1133
1096
1097	1103
1098	1102
1099	1107
1100	1106
1101	1129
1104
1105	1108
1109
1110	1116
1111	1115
1112	1120
1113	1119
1114	1125
955	1117
1118	1121
1134
1135	1136
1137
1138	1225
1139	1776
1140	1772
1141	1780
1142	1218
1143	1209
1144	1227
1145	1757
1146	1749
1147	1729
1148	1765
1149	1778
1150	1774
1151	1186
1152	1174
1153
1154	1197
1155	1220
1156	1211
1157	1738
1158	1759
1159	1717
1160	1751
1161	1731
1162	1767
1163	1216
1164	1207
1165	1226
1166	1756
1167	1747
1168	1727
1169	1763
1170	1777
1171	1773
1172	1185
1173
1175	1196
1176	1219
1177	1210
1178	1737
1179	1758
1180	1716
1181	1750
1182	1730
1183	1766
1184
1187	1195
1188	1217
1189	1208
1190	1736
1191	1715
1192	1748
1193	1728
1194	1764
1198
1199	1221
1200	1212
1201	1739
1202	1760
1203	1718
1204	1752
1205	1732
1206	1768
1213	1707
1214	1741
1215	1720
1222	1706
1223	1740
1224	1719
1228	1708
1229	1477
1230	1381
1231	1556
1232	1550
1233	1562
1234	1831
1235	1924
1236	1918
1237	1930
1238	1882
1239	1876
1240	1888
1241	1947
1242	1954
1243	1953
1244	1285
1245	1463
1246	1448
1247	1479
1248	1367
1249	1352
1250	1383
1251	1536
1252	1558
1253	1552
1254	1817
1255	1802
1256	1833
1257	1904
1258	1926
1259	1920
1260	1862
1261	1884
1262	1878
1263	1949
1264	1284
1265	1462
1266	1447
1267	1478
1268	1366
1269	1351
1270	1382
1271	1535
1272	1557
1273	1551
1274	1816
1275	1801
1276	1832
1277	1903
1278	1925
1279	1919
1280	1861
1281	1883
1282	1877
1283	1948
1286
1287	1427
1288	1464
1289	1449
1290	1331
1291	1368
1292	1353
1293	1537
1294	1781
1295	1818
1296	1803
1297	1905
1298	1863
1299	1504
1300	1498
1301	1402
1302	1563
1303	1570
1304	1569
1305	1931
1306	1938
1307	1889
1308	1937
1309	1895
1310	1955
1311	1609
1312	1685
1313	1681
1314	1689
1315	1658
1316	1654
1317	1662
1318	1699
1319	1704
1320	1703
1321	1970
1322	1966
1323	1974
1324	1991
1325	1996
1326	1995
1327	1984
1328	1989
1329	1988
1330	1998
1332	1468
1333	1453
1334	1481
1335	1372
1336	1357
1337	1385
1338	1541
1339	1560
1340	1554
1341	1822
1342	1807
1343	1835
1344	1909
1345	1928
1346	1922
1347	1867
1348	1886
1349	1880
1350	1951
1354	1432
1355	1470
1356	1455
1358	1374
1359
1360	1543
1361	1786
1362	1824
1363	1809
1364	1911
1365	1869
1369	1431
1370	1469
1371	1454
1373
1375	1542
1376	1785
1377	1823
1378	1808
1379	1910
1380	1868
1384	1433
1386	1787
1387	1484
1388
1389	1565
1390	1484
1391	1506
1392	1500
1388	1393
1394	1500
1395	1404
1396	1565
1397	1839
1398	1933
1399	1891
1400	1933
1401	1891
1403	1491
1405	1841
1406	1602
1407	1593
1408	1611
1409	1674
1410	1687
1411	1683
1412	1647
1413	1660
1414	1656
1415	1701
1416	1959
1417	1972
1418	1968
1419	1993
1420	1986
1421	1581
1422	1604
1423	1595
1424	1676
1425	1649
1426	1961
1428	1465
1429	1450
1430	1480
1434	1538
1435	1559
1436	1553
1437	1819
1438	1804
1439	1834
1440	1906
1441	1927
1442	1921
1443	1864
1444	1885
1445	1879
1446	1950
1451	1467
1452
1456	1540
1457	1783
1458	1821
1459	1806
1460	1908
1461	1866
1466
1471	1539
1472	1782
1473	1820
1474	1805
1475	1907
1476	1865
1482	1784
1483
1485	1564
1483	1486
1487	1505
1488	1499
1387	1489
1490	1499
1492	1564
1493	1837
1494	1932
1495	1890
1496	1932
1497	1890
1488	1501
1392	1502
1503	1840
1507	1838
1508	1600
1509	1591
1510	1610
1511	1672
1512	1686
1513	1682
1514	1645
1515	1659
1516	1655
1517	1700
1518	1957
1519	1971
1520	1967
1521	1992
1522	1985
1523	1580
1524	1603
1525	1594
1526	1675
1527	1648
1528	1960
1529	1579
1530	1601
1531	1592
1532	1673
1533	1646
1534	1958
1544
1545	1788
1546	1825
1547	1810
1548	1912
1549	1870
1555	1790
1561	1789
1485	1566
1389	1567
1568	1842
1571	1582
1572	1605
1573	1596
1574	1677
1575	1650
1576	1962
1577	1584
1578	1583
1585	1939
1586	1946
1587	1896
1588	1945
1589	1902
1590	1956
1597	1847
1598	1941
1599	1898
1606	1846
1607	1940
1608	1897
1612	1848
1613	1634
1614	1628
1615	1640
1616	1690
1617	1697
1618	1696
1619	1663
1620	1670
1621	1669
1622	1705
1623	1975
1624	1982
1625	1981
1626	1997
1627	1990
1629	1636
1630
1631	1692
1632	1665
1633	1977
1635
1637	1691
1638	1664
1639	1976
1641
1642	1698
1643	1671
1644	1983
1651	1852
1652	1943
1653	1900
1657	1854
1661	1853
1666	1694
1667
1668	1979
1678	1849
1679	1942
1680	1899
1684	1851
1688	1850
1693
1695	1978
1702	1855
1709	1761
1710	1753
1711	1733
1712	1769
1713	1779
1714	1775
1721	1743
1722	1762
1723
1724	1755
1725	1735
1726	1771
1734	1745
1742
1744	1754
1746	1770
1791	1826
1792	1811
1793	1836
1794	1913
1795	1929
1796	1923
1797	1871
1798	1887
1799	1881
1800	1952
1812	1828
1813
1814	1915
1815	1873
1827
1829	1914
1830	1872
1843
1844	1936
1845	1894
1856	1963
1857	1973
1858	1969
1859	1994
1860	1987
1874	1917
1875
1495	1892
1399	1893
1901	1965
1916
1494	1934
1398	1935
1944	1964
1980
1999	2192
2000	2241
2001	2184
2002	2258
2003	2254
2004	2262
2005	2188
2006	2209
2007	2205
2008	2213
2009	3169
2010	3193
2011	3161
2012	3189
2013	3131
2014	3171
2015	3195
2016	3196
2017	3201
2018	3200
2019	3165
2020	3144
2021	3175
2022	3176
2023	3181
2024	3180
2025	3427
2026	3423
2027	3412
2028	3429
2029	3434
2030	3433
2031	2157
2032	2235
2033	2133
2034	2227
2035	2066
2036	2171
2037	2243
2038	2247
2039	2260
2040	2256
2041	2148
2042	2093
2043	2190
2044	2198
2045	2211
2046	2207
2047	3150
2048	3183
2049	3194
2050	3118
2051	3191
2052	3198
2053	3137
2054	3167
2055	3146
2056	3178
2057	3417
2058	3428
2059	3405
2060	3425
2061	3414
2062	3431
2063	2104
2064	2216
2065	2237
2067	2229
2068	2249
2069	2081
2070	2150
2071	2095
2072	2200
2073	3089
2074	3185
2075	3139
2076	3394
2077	3419
2078	3407
2079	2160
2080	2136
2082	2174
2083	2194
2084	2186
2085	3153
2086	3170
2087	3121
2088	3163
2089	3133
2090	3173
2091	2111
2092	2162
2094	2138
2096	2176
2097	3096
2098	3155
2099	3123
2100	2155
2101	2234
2102	2130
2103	2225
2105	2168
2106	2242
2107	2245
2108	2259
2109	2255
2110	2146
2112	2189
2113	2196
2114	2210
2115	2206
2116	3148
2117	3182
2118	3115
2119	3190
2120	3197
2121	3135
2122	3166
2123	3145
2124	3177
2125	3416
2126	3403
2127	3424
2128	3413
2129	3430
2131	2215
2132	2236
2134	2228
2135	2248
2137	2149
2139	2199
2140	3087
2141	3184
2142	3138
2143	3393
2144	3418
2145	3406
2147	2161
2151	2175
2152	3095
2153	3154
2154	3122
2156
2158	2226
2159	2246
2163	2197
2164	3085
2165	3136
2166	3392
2167	3404
2169	2217
2170	2238
2172	2230
2173	2250
2177	2201
2178	3090
2179	3186
2180	3140
2181	3395
2182	3420
2183	3408
2185	2219
2187	3397
2191	3097
2193	2218
2195	3396
2202	3098
2203	3156
2204	3124
2208	3100
2212	3099
2156	2214
2220	3149
2221	3116
2222	3162
2223	3132
2224	3172
2231	3088
2232	3151
2233	3119
2239	3086
2240	3117
2244	3091
2251	3092
2252	3152
2253	3120
2257	3094
2261	3093
2263	2398
2264	2425
2265	2404
2266	2629
2267	2636
2268	2617
2269	2642
2270	2623
2271	2635
2272	2696
2273	2690
2274	2702
2275	2519
2276	2526
2277	2507
2278	2532
2279	2513
2280	2525
2281	2657
2282	2664
2283	2663
2284	2719
2285	2726
2286	2725
2287	2566
2288	2560
2289	2572
2290	2665
2291	2672
2292	2671
2293	3244
2294	3251
2295	3232
2296	3257
2297	3238
2298	3250
2299	3286
2300	3293
2301	3292
2302	3295
2303	3302
2304	3301
2305	3268
2306	3275
2307	3274
2308	3305
2309	3276
2310	3283
2311	3282
2312	3294
2313	3456
2314	3450
2315	3462
2316	3483
2317	3490
2318	3489
2319	3473
2320	3480
2321	3479
2322	3493
2323	2370
2324	2411
2325
2326	2427
2327	2354
2328	2406
2329	2589
2330	2638
2331	2625
2332	2676
2333	2698
2334	2692
2335	2479
2336	2528
2337	2515
2338	2721
2339	2546
2340	2568
2341	2562
2342	2667
2343	3204
2344	3253
2345	3240
2346	3297
2347	3278
2348	3436
2349	3458
2350	3452
2351	3485
2352	3475
2353	2372
2355	2400
2356	2591
2357	2631
2358	2619
2359	2481
2360	2521
2361	2509
2362	2659
2363	3206
2364	3246
2365	3234
2366	3288
2367	3270
2368
2369	2410
2371	2426
2373	2405
2374	2587
2375	2637
2376	2624
2377	2675
2378	2697
2379	2691
2380	2477
2381	2527
2382	2514
2383	2720
2384	2545
2385	2567
2386	2561
2387	2666
2388	3202
2389	3252
2390	3239
2391	3296
2392	3277
2393	3435
2394	3457
2395	3451
2396	3484
2397	3474
2399	2412
2401	2677
2402	2547
2403	3437
2407	2592
2408	2482
2409	3207
2413	2588
2414	2630
2415	2618
2416	2478
2417	2520
2418	2508
2419	2658
2420	3203
2421	3245
2422	3233
2423	3287
2424	3269
2428	2590
2429	2480
2430	3205
2431	2643
2432	2703
2433	2710
2434	2533
2435	2709
2436	2727
2437	2573
2438	2649
2439	2579
2440	2673
2441	3258
2442	3303
2443	3284
2444	3463
2445	3491
2446	3481
2447	2753
2448	2758
2449	2745
2450	2762
2451	2749
2452	2757
2453	2784
2454	2789
2455	2788
2456	2791
2457	2796
2458	2795
2459	2771
2460	2776
2461	2775
2462	2798
2463	2777
2464	2782
2465	2781
2466	2790
2467	3306
2468	3311
2469	3310
2470	3313
2471	3312
2472	3494
2473	3499
2474	3498
2475	3502
2476	3501
2483	2599
2484	2640
2485	2627
2486	2681
2487	2700
2488	2694
2489
2490	2530
2491	2517
2492	2723
2493	2551
2494	2570
2495	2564
2496	2669
2497	3214
2498	3255
2499	3242
2500	3299
2501	3280
2502	3441
2503	3460
2504	3454
2505	3487
2506	3477
2510	2683
2511	2553
2512	3443
2516	2601
2518	3216
2522	2682
2523	2552
2524	3442
2529	2600
2531	3215
1506	2534
2535	2575
1506	2536
2537	2575
2538	3465
2539	2732
2540	2760
2541	2751
2542	2793
2543	2779
2544	3496
2548	2603
2549	2633
2550	2621
2554	2661
2555	3218
2556	3248
2557	3236
2558	3290
2559	3272
2563	2605
2565	3220
2569	2604
2571	3219
2574	2645
2576	2645
2535	2577
2578	3260
2580	2735
2581	2755
2582	2747
2583	2786
2584	2773
2585	3308
2586	2737
2593
2594	2639
2595	2626
2596	2678
2597	2699
2598	2693
2602	2722
2606	2668
2607	3208
2608	3254
2609	3241
2610	3298
2611	3279
2612	3438
2613	3459
2614	3453
2615	3486
2616	3476
2620	2680
2622	3440
2628	3210
2632	2679
2634	3439
2641	3209
1505	2644
1505	2646
2574	2647
2648	3464
2650	2729
2651	2759
2652	2750
2653	2792
2654	2778
2655	3495
2656	2736
2660	2684
2662	3444
2670	3221
2674	2738
2685	3211
2686	3247
2687	3235
2688	3289
2689	3271
2695	3213
2701	3212
1487	2704
1391	2705
1487	2706
1391	2707
2708	3259
2711	2730
2712	2754
2713	2746
2714	2785
2715	2772
2716	3307
2717	2733
2718	2731
2724	3217
2728	2734
2739	3262
2740	3304
2741	3285
2742	3467
2743	3492
2744	3482
2748	3469
2752	3264
2756	3468
2761	3263
2763
2764	2770
2765	2769
2766	2797
2767	2783
2768	3500
2774	3471
2780	3266
2787	3470
2794	3265
2799	2849
2800	2985
2801	2979
2802	2991
2803	2940
2804	2934
2805	2946
2806	3009
2807	3016
2808	3015
2809	3335
2810	3329
2811	3341
2812	3369
2813	3376
2814	3375
2815	3359
2816	3366
2817	3365
2818	3379
2819	2835
2820
2821	2851
2822	2965
2823	2987
2824	2981
2825	2920
2826	2942
2827	2936
2828	3011
2829	3315
2830	3337
2831	3331
2832	3371
2833	3361
2834
2836	2850
2837	2964
2838	2986
2839	2980
2840	2919
2841	2941
2842	2935
2843	3010
2844	3314
2845	3336
2846	3330
2847	3370
2848	3360
2852	2966
2853	2921
2854	3316
1634	2855
1628	2856
1640	2857
1690	2858
1697	2859
1696	2860
1663	2861
1670	2862
1669	2863
1705	2864
1975	2865
1982	2866
1981	2867
1997	2868
1990	2869
1614	2870
1636	2871
1630	2872
1692	2873
1665	2874
1977	2875
1613	2876
1635	2877
1629	2878
1691	2879
1664	2880
1976	2881
1615	2882
2883	3040
2884	3034
2885	3046
2886	3074
2887	3081
2888	3080
2889	3064
2890	3071
2891	3070
2892	3084
2893	3380
2894	3387
2895	3386
2896	3391
2897	3390
2898	3020
2899	3042
2900	3036
2901	3076
2902	3066
2903	3382
2904	3019
2905	3041
2906	3035
2907	3075
2908	3065
2909	3381
2910	3021
2911	3047
2912	3054
2913	3053
2914	3082
2915	3072
2916	3388
2917	3049
2918	3048
2922	2970
2923	2989
2924	2983
2925
2926	2944
2927	2938
2928	3013
2929	3320
2930	3339
2931	3333
2932	3373
2933	3363
2937	2972
2939	3322
2943	2971
2945	3321
1619	2947
1638	2948
1632	2949
1694	2950
1667	2951
1979	2952
1621	2953
1620	2954
2955	3025
2956	3044
2957	3038
2958	3078
2959	3068
2960	3384
2961	3027
2962	3026
2963	3049
2967
2968	2988
2969	2982
2973	3012
2974	3317
2975	3338
2976	3332
2977	3372
2978	3362
2984	3319
2990	3318
1616	2992
1637	2993
1631	2994
1693	2995
1666	2996
1978	2997
1618	2998
1617	2999
3000	3022
3001	3043
3002	3037
3003	3077
3004	3067
3005	3383
3006	3024
3007	3023
3008	3048
3014	3323
1622	3017
3018	3028
3029	3350
3030	3357
3031	3356
3032	3378
3033	3368
3039	3352
3045	3351
2918	3050
2917	3051
3052	3358
3055
3056	3062
3057	3061
3058	3083
3059	3073
3060	3389
3063
3069	3354
3079	3353
3101	3157
3102	3187
3103	3125
3104	3192
3105	3199
3106	3141
3107	3168
3108	3147
3109	3179
3110	3421
3111	3409
3112	3426
3113	3415
3114	3432
3126	3188
3127	3143
3128	3399
3129	3422
3130	3411
3134	3401
3142	3158
3159	3398
3160	3410
3164	3400
3174	3402
3222
3223	3256
3224	3243
3225	3300
3226	3281
3227	3445
3228	3461
3229	3455
3230	3488
3231	3478
3237	3447
3249	3446
3261	3466
3267	3497
3273	3449
3291	3448
3309	3472
3324
3325	3340
3326	3334
3327	3374
3328	3364
1623	3342
1639	3343
1633	3344
1695	3345
1668	3346
1980	3347
1625	3348
1624	3349
3355	3385
1627	3367
1626	3377
3503	3661
3504	3700
3505	3703
3506	3728
3507	3649
3508	3692
3509	3724
3510	3588
3511	3663
3512	3730
3513	3705
3514	3710
3515	3731
3516	3736
2262	3517
3518	3653
3519	3696
3520	3608
3521	3709
3522	3612
3523	3668
3524	3702
3525	3672
3526	3711
3527	3716
3528	3715
3529	3657
3530	3625
3531	3667
3532	3673
3533	3678
3534	3677
3535	4151
3536	4155
3193	3537
3538	4137
3539	4161
3540	4162
3541	4141
3542	4157
3543	4145
3544	4158
3545	4146
3546	4153
3547	4150
3548	4154
3549	4221
3550	4225
3551	4212
3552	4227
3553	4228
3554	4216
3555	4223
3556	4220
3557	4224
3558	4264
3559	4259
3560	4266
3561	4263
3562	4267
3563	3632
3564	3681
3565	3704
2235	3566
3567	3729
3568
3569	3726
3570	3733
3571	3595
3572	3698
3573	3614
3574	3713
3575	3618
3576	3659
3577	3627
3578	3675
3579	4120
3194	3580
3581	4148
3582	4201
3583	4226
3584	4218
3585	4253
3586	4265
3587	4261
2237	3589
3590	3620
3591	4255
3592	3635
3593	3684
3594	3701
3596	3694
3597	3707
3598
3599	3655
3600	3610
3601	3670
3602	4123
3603	4156
3604	4143
3605	4204
3606	4222
3607	4214
3609	3686
3611	4206
3613	3637
3615	4125
3616	3639
3617	3662
3619	3651
3621	3665
3622	4127
3623	4152
3624	4139
3626	3641
3628	4129
3629
3630	3679
2234	3631
3633	3725
3634	3732
3636	3697
3638	3712
3640	3658
3642	3674
3643	4117
3644	4147
3645	4199
3646	4217
3647	4252
3648	4260
2236	3650
3652	4254
3654	3685
3656	4205
3660	4128
2238	3664
3666	4256
3669	3687
3671	4207
3676	4130
3680
3682	3693
3683	3706
3688	4118
3689	4142
3690	4200
3691	4213
3695	4202
3699	4124
3708	4203
3714	4126
2101	3717
2032	3718
2132	3719
2065	3720
2170	3721
3086	3722
3117	3723
3727	4121
3734	4122
2004	3735
3737	3800
3738	3807
3739	3814
3740	3782
3741	3820
3742	3788
3743	3813
3744	3794
3745	3806
3746	3857
3747	3864
3748	3863
3749	3866
3750	3873
3751	3872
3752	3875
3753	3882
3754	3881
3755	3831
3756	3838
3757	3837
3758	3885
3759	3839
3760	3846
3761	3845
3762	3874
3763	3847
3764	3854
3765	3853
3766	3865
3767	4163
3768	4170
3769	4169
3770	4172
3771	4171
3772	4229
3773	4236
3774	4235
3775	4238
3776	4237
3777	4268
3778	4275
3779	4274
3780	4279
3781	4278
3783	3816
3784	3796
3785	3877
3786	3849
3787	4270
3789	3809
3790
3791	3868
3792	3841
3793	4231
3795	3802
3797	3859
3798	3833
3799	4165
3801	3815
3803	3876
3804	3848
3805	4269
3808
3810	3867
3811	3840
3812	4230
3817	3858
3818	3832
3819	4164
3821
2710	3822
3823	3855
3824	4276
3825	3886
3826	3891
3827	3890
3828	3893
3829	3892
3830	4280
3834	3879
3835	3851
3836	4272
3842	3870
3843
3844	4233
3850	3861
3852	4167
3856	3888
3860	3878
3862	4271
3869
3871	4232
3880	4166
2433	3883
2731	3884
2718	3887
3889	4277
3894	3936
3895	3943
3896	3924
3897	3949
3898	3930
3899	3942
3900	3996
3901	4003
3902	4002
3903	4007
3904	4014
3905	4013
3906	3976
3907	3983
3908	3982
3909	4017
3910	3986
3911	3993
3912	3992
3913	4006
3914	4173
3915	4180
3916	4179
3917	4184
3918	4183
3919	4239
3920	4246
3921	4245
3922	4250
3923	4249
3925	3945
3926	3932
3927	4009
3928	3988
3929	4241
3931	3938
3933	3998
3934	3978
3935	4175
3937	3944
3939	4008
3940	3987
3941	4240
3946	3997
3947	3977
3948	4174
2763	3950
2770	3951
2769	3952
2797	3953
2783	3954
3500	3955
2765	3956
2764	3957
3958
3959	4004
3960	3984
3961	4181
3962	4018
3963	4025
3964	4024
3965	4029
3966	4028
3967	4251
3968	4020
3969	4019
3970	4030
3971	4035
3972	4034
3973	4038
3974	4037
3975	4185
3979	4011
3980	3990
3981	4243
3985	4032
3989	4000
3991	4177
2767	3994
3995	4022
3999	4010
4001	4242
4005	4031
4012	4176
2766	4015
4016	4021
4023	4248
3063	4026
4027	4036
4033	4182
4039	4060
4040	4054
4041	4066
4042	4094
4043	4101
4044	4100
4045	4084
4046	4091
4047	4090
4048	4104
4049	4186
4050	4193
4051	4192
4052	4197
4053	4196
4055	4062
4056
4057	4096
4058	4086
4059	4188
4061
4063	4095
4064	4085
4065	4187
3055	4067
3062	4068
3061	4069
3083	4070
3073	4071
3389	4072
3057	4073
3056	4074
4075	4105
4076	4112
4077	4111
4078	4116
4079	4115
4080	4198
4081	4107
4082	4106
4036	4083
4087	4098
4088
4089	4190
3059	4092
4093	4109
4097
4099	4189
3058	4102
4103	4108
4110	4195
4027	4113
4114
2239	4119
4131
4132	4149
4133	4208
4134	4219
4135	4257
4136	4262
2240	4138
4140	4258
4144	4209
2010	4159
2049	4160
4168	4273
4178	4244
4191
3060	4194
4210
4211	4215
4234
2768	4247
4281	4325
4282	4329
3700	4283
3728	4284
4285	4307
4286	4339
4287	4340
4288	4311
4289	4335
4290	4336
4291	4315
4292	4331
4293	4319
4294	4332
4295	4320
4296	4327
4297	4324
4298	4328
4299	4387
4300	4389
4301	4391
4302	4393
4303	4395
4304	4397
4305	4399
4306	4401
3729	4308
4309	4322
4310	4400
3701	4312
4313	4317
4314	4396
4316	4330
4318	4392
4321	4326
4323	4388
3504	4333
3594	4334
3506	4337
3567	4338
4341
4342	4348
4343	4347
4344	4350
4345	4349
4346	4402
4351
4352	4358
4353	4357
4354	4360
4355	4359
4356	4398
4361
4362	4368
4363	4367
4364	4372
4365	4371
4366	4394
3063	4369
4370	4373
4374
4375	4381
4376	4380
4377	4385
4378	4384
4379	4390
4114	4382
4383	4386
4403
4404	4405
4406