664	674	683	684	764	775	776	788	880	888	898	908	1027	1039	1040	1051	1221	1222	1233	1245	1411	1412	1416	1424
654	673	746	787	896	906	1028	1050	1234	1244	1418	1425
645	672	754	786	897	907	1026	1052	1232	1246	1417	1426
1087	1088	1093	1094	1101	1102	1141	1154	1259	1260	1265	1266	1271	1272	1350	1365	1435	1436	1439	1440	1488	1498	1592	1606
687	693	777	794	899	910	1041	1053	1063	1064	1225	1248	1277	1278	1333	1334	1463	1465	1472	1474	1559	1560	1572	1573
690	696	778	796	900	912	1042	1054	1075	1076	1228	1250	1291	1292	1376	1377	1507	1509	1518	1520	1619	1620	1634	1635
676	792	916	1030	1074	1238	1290	1378	1508	1519	1621	1636
675	790	914	1029	1062	1236	1276	1335	1464	1473	1561	1574
1085	1086	1089	1090	1097	1098	1116	1128	1257	1258	1261	1262	1269	1270	1310	1324	1433	1434	1437	1438	1448	1456	1536	1548
1092	1095	1100	1103	1264	1267	1286	1298	1337	1339	1379	1381	1467	1478	1510	1522	1563	1567	1578	1582	1622	1625	1638	1642
1091	1099	1263	1284	1336	1338	1466	1476	1562	1565	1576	1580
1096	1104	1268	1300	1380	1382	1511	1524	1623	1627	1640	1644
1081	1082	1083	1084	1253	1254	1255	1256	1429	1430	1431	1432
1078	1296	1528	1648
1065	1066	1077	1280	1282	1294	1480	1513	1526	1584	1629	1646
232	275	322	328	334	335	622	643	644	650	652	661	727	742	744	751	752	760	843	848	850	857	877	884
346	350	428	478	532	580	688	694	773	781	867	871	997	1037	1137	1149	1205	1226	1347	1358	1485	1494	1589	1602
242	281	419	458	513	552	636	677	734	793	894	909	1003	1048	1111	1122	1188	1247	1308	1316	1447	1454	1534	1545
243	282	420	476	531	578	637	678	735	795	895	911	1004	1049	1136	1148	1206	1249	1348	1357	1487	1496	1590	1603
336	642	750	849
375	384	431	432	503	504	815	816	945	947	956	958	999	1006	1044	1056	1173	1178	1240	1252	1401	1406	1420	1428
344	348	426	460	514	554	685	691	771	779	865	869	995	1035	1112	1123	1187	1223	1307	1317	1445	1452	1533	1544
358	366	429	430	501	502	805	806	924	926	934	936	998	1005	1043	1055	1172	1177	1239	1251	1400	1405	1419	1427
238	278	413	416	493	495	632	668	731	784	891	903	987	1000	1023	1045	1167	1175	1231	1241	1399	1403	1415	1422
226	231	269	274	321	326	621	628	651	653	660	662	722	728	743	745	761	763	844	856	876	879	886	887
445	462	539	558	591	593	1019	1079	1115	1126	1213	1297	1312	1322	1372	1374	1505	1521	1540	1552	1617	1624	1637	1641
438	461	519	556	563	565	1012	1067	1114	1125	1193	1283	1311	1320	1329	1331	1461	1475	1538	1550	1557	1564	1575	1579
446	480	540	584	592	594	1020	1080	1140	1152	1214	1299	1352	1363	1373	1375	1506	1523	1596	1610	1618	1626	1639	1643
239	280	412	417	491	494	633	669	733	785	893	905	986	1001	1022	1046	1165	1174	1230	1242	1397	1402	1413	1421
439	479	520	564	566	582	1013	1068	1139	1151	1194	1285	1330	1332	1351	1361	1462	1477	1558	1566	1577	1581	1594	1608
341	342	423	424	499	500	679	680	767	768	861	862	991	993	1031	1033	1169	1171	1217	1219	1394	1396	1407	1409
237	279	411	418	492	496	631	667	732	783	892	904	985	1002	1021	1047	1166	1176	1229	1243	1398	1404	1414	1423
345	349	427	469	525	571	689	695	774	782	868	872	996	1038	1135	1153	1199	1227	1344	1364	1484	1497	1588	1605
441	442	536	538	588	589	1015	1016	1070	1071	1210	1212	1288	1289	1369	1370	1502	1504	1515	1517	1614	1615	1631	1632
434	435	516	518	560	561	1008	1009	1058	1059	1190	1192	1274	1275	1326	1327	1458	1460	1469	1471	1554	1555	1569	1570
222	273	327	616	641	663	726	753	762	858	878	885
339	340	421	422	497	498	681	682	769	770	863	864	990	992	1032	1034	1168	1170	1218	1220	1393	1395	1408	1410
343	347	425	452	508	546	686	692	772	780	866	870	994	1036	1110	1127	1182	1224	1304	1323	1444	1455	1532	1547
241	284	415	477	530	579	635	671	737	791	902	915	989	1025	1138	1150	1204	1237	1349	1359	1486	1495	1591	1604
444	542	596	1018	1073	1216	1295	1384	1514	1527	1630	1647
440	537	590	1014	1069	1211	1287	1371	1503	1516	1616	1633
433	517	562	1007	1057	1191	1273	1328	1459	1470	1556	1571
240	283	414	459	512	553	634	670	736	789	901	913	988	1024	1113	1124	1186	1235	1309	1318	1446	1453	1535	1546
100	130	151	152	235	264	316	338	372	374	380	382	624	656	713	756	812	813	833	852	942	943	952	953
98	129	139	140	233	262	315	337	355	357	362	364	623	655	712	755	802	803	832	851	921	922	930	931
436	437	521	534	567	586	1010	1011	1060	1061	1195	1208	1279	1281	1340	1367	1468	1479	1490	1500	1568	1583	1598	1612
90	91	126	127	220	221	252	254	312	313	331	332	614	615	639	640	705	707	748	749	829	831	845	847
443	541	595	1017	1072	1215	1293	1383	1512	1525	1628	1645
96	123	229	260	306	319	618	646	709	738	826	839
73	76	89	119	212	216	223	256	266	272	309	325	606	609	625	657	715	719	724	757	835	854	873	881
94	95	121	122	227	230	258	261	304	305	317	320	617	620	647	648	708	711	739	740	825	828	840	841
172	176	192	198	403	408	465	473	522	529	568	577	977	981	1131	1144	1196	1202	1341	1355	1481	1491	1585	1599
164	167	179	184	397	399	447	453	507	510	544	549	971	974	1105	1117	1181	1185	1302	1313	1443	1451	1530	1542
171	175	190	196	404	407	464	471	524	528	569	575	978	982	1130	1143	1198	1203	1342	1354	1483	1493	1586	1600
92	128	219	253	314	333	613	638	706	747	830	846
72	75	87	117	213	215	224	255	268	271	307	323	607	610	626	658	714	721	725	758	834	853	875	883
165	168	181	186	396	400	448	455	505	511	543	551	970	973	1106	1118	1179	1184	1301	1314	1441	1449	1529	1541
99	108	125	145	236	265	293	294	311	330	371	383	630	666	718	766	810	811	838	860	941	946	955	957
78	150	218	277	373	381	612	730	814	890	944	954
97	104	124	134	234	263	288	289	310	329	354	365	629	665	717	765	800	801	837	859	920	925	933	935
156	157	388	392	486	488	964	966	1161	1162	1389	1391
159	160	161	162	389	390	391	394	483	484	487	490	962	963	965	967	1157	1159	1160	1163	1385	1386	1388	1390
183	188	193	199	451	457	467	474	548	557	572	581	1109	1121	1133	1146	1306	1321	1345	1360	1539	1551	1593	1607
194	200	468	475	573	583	1134	1147	1346	1362	1595	1609
182	187	450	456	547	555	1108	1120	1305	1319	1537	1549
178	202	410	482	535	587	984	1156	1209	1368	1501	1613
77	138	217	276	356	363	611	729	804	889	923	932
155	158	387	393	485	489	961	968	1158	1164	1387	1392
71	74	88	118	211	214	225	257	267	270	308	324	605	608	627	659	716	720	723	759	836	855	874	882
170	174	191	197	402	406	466	472	523	527	570	576	976	980	1132	1145	1197	1201	1343	1356	1482	1492	1587	1601
173	177	195	201	405	409	470	481	526	533	574	585	979	983	1142	1155	1200	1207	1353	1366	1489	1499	1597	1611
93	120	228	259	303	318	619	649	710	741	827	842
169	189	401	463	515	559	975	1129	1189	1325	1457	1553
163	166	180	185	395	398	449	454	506	509	545	550	969	972	1107	1119	1180	1183	1303	1315	1442	1450	1531	1543
37	38	55	56	59	60	105	107	142	144	148	149	290	291	368	370	377	379	807	808	938	939	949	950
34	35	48	49	51	52	101	103	131	133	136	137	285	286	351	353	359	361	797	798	917	918	927	928
22	24	28	32	43	45	67	69	80	86	112	115	205	207	244	248	298	300	598	599	697	699	817	818
18	19	26	30	42	44	64	65	82	84	113	114	204	208	247	249	299	301	600	602	701	702	821	823
21	23	27	29	40	41	68	70	79	83	109	111	206	210	245	251	295	296	601	603	700	703	820	822
20	31	46	63	85	116	203	246	302	597	698	819
36	54	58	106	143	147	292	369	378	809	940	951
33	47	50	102	132	135	287	352	360	799	919	929
62	154	386	960
17	25	39	66	81	110	209	250	297	604	704	824
53	57	61	141	146	153	367	376	385	937	948	959
2	3	4	6	7	8	9	10	12	13	14	15
1	5	11	16