30	36	43	44	51	52
336	342	408	416	493	496
46	46	56	56	60	60
45	45	54	54	58	58
12	15	27	29	34	35
354	436	567	670	769	871
524	531	580	595	747	754
357	441	570	724	804	952
511	517	579	592	745	751
367	431	587	723	805	951
362	428	584	669	770	870
503	505	578	708	794	919
502	504	577	659	763	846
329	329	415	415	497	497
500	501	575	576	740	741
22	24	42	48	55	59
21	23	41	47	53	57
2606	3117	3728	3786	3956	4024
2697	3108	3753	3764	4122	4213
2608	3128	3731	3805	4128	4221
2672	3105	3750	3762	3950	4016
10917	10923	11117	11138	11473	11476
616	616	827	827	983	983
599	602	788	807	900	958
629	726	822	956	966	976
619	619	832	832	990	990
611	725	783	883	893	954
624	672	819	875	963	971
607	671	780	873	880	888
360	449	573	837	1045	1053
636	637	758	759	1031	1037
375	434	590	838	1044	1052
16	16	28	28	33	33
19	20	39	40	49	50
2601	3094	3721	3743	3745	3758
2602	3095	3722	3742	3744	3757
114	172	316	417	510	515
139	150	350	399	521	530
117	191	318	418	523	529
136	148	347	396	508	516
10946	11164	11577	11786	12166	12371
4140	4241	4498	5326	6395	7279
2723	3310	4414	6105	6635	8446
3968	4044	4484	5323	6393	7276
2818	3250	5318	6002	7330	8344
2763	3247	5298	5315	7294	7295
11504	11511	11606	11620	12115	12127
4143	4246	4501	6030	6613	8329
10949	11167	11580	11879	12237	12518
4186	4279	4506	4607	6311	6329
3830	3887	4469	5905	6575	8033
4153	4236	4602	6015	6620	8322
4148	4233	4599	5311	6402	7272
3971	4049	4487	6027	6611	8326
2821	3305	6005	6022	8379	8380
2766	3302	5301	6019	7329	8345
3823	3875	4465	6094	6629	8421
11491	11497	11605	11618	12114	12125
3981	4039	4568	6014	6617	8320
3976	4036	4565	5310	6399	7270
10957	11159	11613	11878	12238	12517
10954	11156	11610	11785	12167	12370
2826	3207	4525	6104	6636	8445
3874	3882	5788	6013	7941	8369
3833	3892	4472	6147	6660	8498
3853	3873	5176	6012	7084	8338
3819	3858	4459	5390	6411	7371
3846	3879	5309	5785	7319	7899
11483	11485	11604	11833	12209	12443
3845	3850	5173	5308	7042	7288
11482	11484	11603	11749	12148	12312
2615	3372	3735	3912	9483	9557
2896	3113	3775	3909	9477	9549
2659	2890	3081	3380	9634	9637
622	622	842	842	1061	1061
605	605	840	840	1059	1059
639	825	969	980	1047	1057
638	786	886	897	1046	1055
358	440	572	693	811	941
107	129	311	413	488	495
131	144	334	385	486	491
130	143	335	386	485	492
108	128	312	414	487	494
1121	1135	1142	1143	1160	1161
3601	3601	3747	3747	3796	3796
3446	3446	3746	3746	3780	3780
10898	10898	11137	11137	11477	11477
2629	3101	3771	3806	4115	4220
2619	3099	3768	3787	3943	4023
3812	3844	4454	5307	6388	7266
3821	3872	4463	6011	6606	8316
3822	3871	4464	6010	6607	8315
3813	3843	4455	5306	6389	7265
11480	11481	11601	11602	12109	12110
216	273	552	715	799	934
209	261	548	727	806	957
260	268	703	722	928	955
219	278	555	728	808	959
239	259	654	721	855	953
205	244	542	673	771	876
232	265	668	700	874	924
231	236	651	667	851	872
121	298	325	448	1030	1035
161	295	374	404	1028	1036
345	372	411	447	1013	1016
11672	11672	12267	12267	12549	12549
11639	11642	12190	12240	12400	12524
4862	6051	6801	8402	8787	8797
4761	4761	6871	6871	8985	8985
4715	6037	6511	7652	8382	8468
4628	4628	6654	6654	8475	8475
4801	5347	6798	7352	8784	8792
11684	11881	12262	12522	12532	12542
4668	5333	6508	7332	7649	8463
4865	6054	6866	8407	8968	8978
4718	6034	6649	7662	8363	8458
4671	5330	6646	7313	7657	8455
11650	11880	12185	12383	12393	12520
11675	11675	12272	12272	12554	12554
4870	6107	6758	8450	8546	8659
6064	6064	8397	8397	8654	8654
5360	6059	7347	8394	8589	8651
4804	5350	6863	7357	8965	8973
4723	6106	6468	7411	7524	8448
6046	6046	7519	7519	8358	8358
5342	6042	7308	7454	7516	8355
11680	11788	12259	12375	12529	12537
5355	5355	7344	7344	8586	8586
11647	11787	12182	12373	12380	12388
2744	3400	4435	6939	9811	10012
5338	5338	7305	7305	7451	7451
4146	4254	4504	6917	9736	9895
4943	5368	6406	7284	9495	9577
2747	3405	4438	6974	9865	10093
2908	3253	5321	7363	9708	9910
3974	4057	4490	6915	9733	9892
2824	3395	6008	8412	9728	9946
2769	3392	5304	7362	9725	9911
4956	4971	6349	6356	9665	9672
4946	6072	6624	8334	9498	9582
4161	4239	4605	6924	9721	9888
2911	3308	6025	8413	9711	9945
4955	4968	6347	6353	9652	9658
10912	11030	11124	11291	11378	11390
4963	6071	6625	8333	9508	9572
3838	3921	4480	6964	9849	10060
4960	5367	6407	7283	9503	9569
3989	4042	4571	6921	9720	9886
3837	3920	4479	6933	9800	9987
2921	3231	4549	6975	9864	10092
2916	3228	4546	6940	9810	10011
3885	3919	5791	7985	9719	9935
3856	3918	5179	7128	9718	9904
4954	5857	6562	7886	9644	9646
4953	5245	6382	7029	9643	9645
355	435	569	645	774	862
5	7	10	14	25	31
4	6	11	13	26	32
10934	11024	11132	11283	11381	11384
620	621	831	833	988	989
600	604	787	814	898	947
1115	1127	1152	1153	1172	1173
133	182	471	476	490	499
132	166	453	458	489	498
330	331	344	409	421	422
351	425	565	582	744	750
157	192	338	392	522	528
154	173	337	390	509	514
198	230	537	666	767	869
207	258	546	720	802	950
208	257	547	719	803	949
199	229	538	665	768	868
10285	10437	10873	11139	11490	11495
1433	1549	3964	4007	4102	4222
1310	1674	2526	3133	4185	4277
1406	1547	3930	3961	4004	4025
10371	10386	10930	11096	11501	11510
1436	1652	4104	4136	4204	4223
10287	10471	10874	11140	11503	11509
1446	1465	2702	3028	4183	4278
1409	1650	3932	4026	4133	4201
10368	10385	10928	11094	11488	11496
2625	2641	3063	3124	4081	4084
628	695	823	945	968	977
610	694	784	885	894	943
352	427	564	583	742	749
2588	2588	3379	3379	9638	9638
2883	3112	3776	3913	9470	9556
3835	3917	4477	6910	9717	9882
3836	3916	4478	6911	9716	9881
4951	4952	6342	6343	9641	9642
1082	1094	1112	1120	1126	1133
224	307	563	841	1049	1060
223	306	562	839	1048	1058
271	305	706	931	1043	1056
242	304	657	858	1042	1054
635	712	797	922	1023	1025
634	663	766	849	1022	1024
4782	4782	6997	6997	10124	10124
4649	4652	6958	6977	10041	10099
4868	6057	6992	8417	10107	10117
4992	6804	8790	8801	9757	9968
4785	4785	7002	7002	10131	10131
4721	6040	6953	8415	10024	10034
4975	6514	7655	8472	9743	9948
1085	1088	1114	1118	1125	1134
4978	6652	7666	8461	9740	9929
4807	5353	6989	7367	10104	10112
2729	3295	4427	5706	6700	8241
5005	6782	8570	8734	9867	10097
4674	5336	6950	7365	10021	10029
4995	6869	8971	8982	9760	9973
4987	6492	7435	7599	9866	10095
6074	8400	8657	8724	9770	9963
11397	11399	11598	11853	12220	12463
6073	7522	7589	8361	9752	9924
5000	6779	8567	8729	9813	10016
5370	7350	8592	8721	9765	9960
4983	6489	7432	7594	9812	10014
11396	11398	11597	11766	12155	12328
5369	7311	7457	7586	9748	9921
4144	4245	4503	5631	6678	8124
10952	11199	11583	12303	13033	13041
2732	3314	4430	6132	6735	8520
3972	4048	4489	5628	6676	8121
9	9	18	18	38	38
2767	3287	5303	5620	7336	8140
2822	3290	5623	6007	8175	8386
4949	6928	9501	9590	9778	9900
2914	3398	9714	9731	9978	9979
8	8	17	17	37	37
11718	11719	12143	12144	13019	13025
4966	6929	9516	9575	9777	9899
10989	11162	11616	12304	13032	13040
601	603	789	801	899	935
617	618	826	828	981	982
2603	2639	3060	3104	3726	3761
10276	10361	10868	11135	11468	11475
1365	1426	3700	3804	4097	4218
1361	1399	3692	3785	3925	4021
1378	1646	3687	3751	4120	4190
1369	1542	3682	3749	3949	3994
1370	1543	3683	3748	3948	3993
10363	10381	10915	11078	11466	11471
1360	1400	3691	3784	3926	4022
1377	1645	3686	3752	4121	4191
10362	10380	10916	11079	11465	11472
366	432	589	692	812	940
1364	1427	3699	3803	4098	4219
10277	10360	10869	11136	11467	11474
11042	11311	11587	11777	12161	12362
11444	11459	11600	11635	12121	12135
11045	11316	11590	11869	12230	12507
11055	11306	11627	11868	12231	12506
11050	11303	11624	11776	12162	12361
11417	11430	11599	11632	12119	12132
3869	3883	5614	5790	7953	8164
3854	3868	5178	5613	7096	8133
1145	1155	1165	1169	1177	1181
1144	1154	1163	1167	1175	1179
361	429	586	644	775	861
623	647	820	866	965	972
359	442	571	709	795	921
606	646	781	864	882	889
356	437	568	660	764	848
613	614	816	818	961	962
596	597	777	779	878	879
2604	2640	3062	3103	3725	3759
332	332	446	446	1017	1017
162	299	373	403	1029	1034
221	303	560	835	1041	1051
10570	10669	11547	11840	12214	12458
222	302	561	836	1040	1050
10560	10657	11543	11882	12239	12523
632	633	756	757	1020	1021
2049	2152	5900	5987	8042	8374
1756	2221	4345	6154	6665	8513
2042	2072	5983	6089	8381	8430
1721	2077	4323	6108	6637	8451
1843	2149	5283	5897	7324	8038
10656	10664	11828	11877	12452	12521
1836	2069	5279	6086	7331	8426
2052	2216	5990	6142	8383	8507
10613	10655	11744	11876	12321	12519
10573	10672	11550	11883	12241	12525
1917	2038	5385	5977	7380	8346
2065	2109	5744	6103	7946	8449
10548	10618	11527	11789	12168	12376
1846	2213	5286	6139	7333	8503
1874	2064	5132	6102	7089	8447
1832	1914	5273	5382	7296	7376
10606	10661	11784	11825	12374	12448
10605	10610	11741	11783	12317	12372
1330	2396	2557	3381	9651	9656
4091	4093	4494	5793	6544	7868
4090	4092	4493	5181	6364	7011
1560	2338	3988	4012	9457	9558
1440	2374	4111	4253	9491	9540
1333	2415	2559	3382	9664	9670
2870	3120	3959	4055	9255	9313
1413	2372	3939	4056	9488	9537
1503	2363	2904	3055	9662	9671
631	734	830	985	987	997
1663	2341	4160	4209	9459	9559
2700	3363	4158	4216	9280	9291
2872	3131	4131	4252	9258	9332
1501	2360	2901	3052	9649	9657
2675	3360	3986	4019	9277	9289
3824	3867	4473	5612	6671	8111
1101	1103	1141	1147	1164	1168
1100	1102	1140	1146	1162	1166
2724	3309	4416	6080	6640	8437
2714	3254	4409	5376	6447	7387
4141	4240	4500	5069	6425	7157
112	147	313	340	395	405
3969	4043	4486	5066	6423	7154
2819	3240	5061	6004	7208	8349
2764	3237	5058	5300	7173	7299
1354	1355	3676	3678	3740	3741
1356	1356	3677	3677	3739	3739
73	86	137	190	519	526
69	78	134	171	506	512
68	77	135	170	507	513
3832	3888	4470	5888	6568	8000
72	85	138	189	520	527
10905	11017	11131	11290	11385	11391
3825	3866	4474	5611	6672	8110
255	269	691	705	929	944
240	254	656	690	856	942
4767	4774	6856	6887	8928	8956
4629	4641	6653	6719	8270	8473
10962	11180	11925	12028	12629	12731
4867	6055	6882	8406	8921	8939
4720	6035	6714	7619	8253	8362
11678	11678	12308	12308	13049	13049
4770	4777	6875	6892	8990	8991
4806	5351	6879	7356	8916	8936
4805	5352	6848	7358	8908	8944
11645	11645	12306	12306	13047	13047
4866	6056	6851	8408	8911	8949
1383	1629	3705	3801	4061	4066
4619	4644	6515	6738	7667	8526
4673	5331	6711	7312	7614	8250
11437	11451	11938	11953	12607	12614
4669	5335	6498	7339	7606	8258
4716	6039	6501	7609	8263	8389
4998	6995	9763	9983	10110	10121
626	679	829	907	984	986
4981	6956	9746	9981	10027	10038
10965	11185	11928	12086	12664	12818
11411	11423	11937	11950	12605	12611
10970	11172	11942	12027	12630	12730
10975	11175	11945	12085	12665	12817
1386	1685	3708	3808	4284	4289
10365	10447	11233	11238	11470	11479
11721	12265	12535	12546	13035	13045
2829	3335	6122	6192	8488	9051
1374	1565	3701	3807	4171	4263
11720	12188	12386	12397	13034	13043
8727	8727	9780	9780	9966	9966
2748	3404	4440	6981	9834	10082
2574	2580	3118	3166	3958	4030
7592	7592	9779	9779	9927	9927
1379	1668	3696	3788	4176	4258
4167	4272	4505	4608	6312	6331
4948	5673	6689	8129	9499	9581
10364	10419	11203	11208	11469	11478
2631	2699	3144	3151	4116	4214
2912	3293	5626	8208	9713	9952
2576	2583	3129	3185	4130	4227
2708	3244	4400	5313	6392	7275
2621	2674	3142	3148	3944	4017
2620	2651	3067	3167	3945	4029
2630	2654	3069	3186	4117	4226
111	145	314	341	394	407
4137	4230	4496	4597	6310	6328
2720	3299	4412	6017	6610	8325
3842	3880	5052	5787	7197	7907
3841	3851	5051	5175	7050	7166
3965	4033	4482	4563	6304	6318
2815	3204	4523	6000	6616	8319
2760	3192	4511	5296	6398	7269
2570	2570	3123	3123	4085	4085
3828	3878	4466	5784	6541	7866
10398	10472	10919	11084	11502	11508
3817	3849	4456	5172	6361	7009
1483	1675	2634	3010	4184	4276
1556	1656	3952	4000	4123	4195
1659	1659	4124	4124	4197	4197
10396	10438	10918	11083	11489	11494
1553	1553	3951	3951	3998	3998
10539	10604	11522	11782	12164	12369
10558	10654	11541	11875	12235	12516
1714	2063	4318	6101	6633	8444
1835	2031	5278	5972	7328	8342
2040	2041	5981	5982	8377	8378
10559	10653	11542	11874	12236	12515
1825	1826	5268	5269	7292	7293
1834	2032	5277	5973	7327	8343
1715	2062	4319	6100	6634	8443
10540	10603	11523	11781	12165	12368
4088	4089	4491	4492	6297	6298
1323	2353	2552	3377	9629	9636
1391	2331	3715	3911	9452	9554
2865	3110	3774	3904	9248	9270
2613	3349	3733	3902	9272	9285
1393	2368	3713	3907	9475	9526
1497	2355	2888	3041	9627	9632
1392	2367	3712	3908	9476	9527
1390	2332	3714	3910	9453	9555
1496	2354	2889	3042	9626	9633
2614	3350	3734	3901	9271	9284
2866	3111	3773	3903	9249	9269
1324	2352	2553	3378	9628	9635
4847	5652	6802	8197	8789	8798
4701	5638	6512	7654	8177	8469
2612	3176	3603	3611	3732	3797
4874	6134	6767	8524	8562	8680
4726	6133	6477	7427	7545	8522
4850	5655	6867	8202	8970	8979
4704	5635	6650	7663	8158	8460
2611	3160	3448	3456	3729	3781
5665	6063	8192	8398	8656	8670
5359	5660	7348	8189	8591	8667
4855	5708	6764	8245	8559	8675
11403	11405	11936	12070	12654	12785
5647	6045	7521	7535	8153	8359
5341	5643	7309	7456	7532	8150
4709	5707	6474	7424	7540	8243
3890	3895	5941	6186	8093	9043
11402	11404	11935	12017	12623	12706
11048	11324	11593	12295	12951	12969
11710	11711	12139	12140	12929	12943
11063	11309	11630	12296	12950	12968
2709	3246	4399	5314	6390	7274
4138	4232	4495	4598	6308	6327
2721	3301	4411	6018	6608	8324
3966	4035	4481	4564	6302	6317
2816	3206	4524	5999	6615	8317
2761	3194	4512	5295	6397	7267
3827	3876	4467	5783	6543	7867
3816	3847	4457	5171	6363	7010
210	253	556	689	809	939
10292	10507	10878	11133	11416	11428
1787	2497	4388	6969	9856	10075
1780	2485	4384	6976	9868	10098
10353	10485	11038	11274	11434	11450
2155	2440	5903	8045	9693	9940
2057	2492	5998	8416	9844	10069
1790	2502	4391	6978	9869	10100
2075	2433	6092	8433	9689	9947
4928	5909	6578	8036	9357	9414
2056	2463	5997	8414	9795	9996
10347	10483	11035	11271	11408	11422
10295	10527	10880	11134	11443	11457
1776	2468	4378	6941	9814	10017
4924	6098	6632	8424	9350	9402
1851	2489	5294	7366	9841	10065
2133	2484	5768	7994	9863	10096
1850	2460	5293	7364	9792	9992
2219	2443	6145	8510	9696	9949
1898	2483	5156	7137	9862	10094
5852	6070	7944	8372	9401	9409
1920	2429	5388	7383	9683	9912
4931	6151	6663	8501	9360	9419
5240	6069	7087	8341	9380	9400
2130	2456	5765	7990	9809	10015
4918	5394	6414	7374	9346	9385
1895	2455	5153	7133	9808	10013
5366	5849	7322	7902	9373	9406
5237	5365	7045	7291	9372	9377
10302	10850	10894	11198	13018	13023
2345	2385	9466	9515	9545	9589
2879	3375	9262	9439	9486	9588
3814	3840	4460	5050	6418	7144
10414	10847	10988	11113	13016	13024
2899	3368	9302	9436	9513	9552
10926	10986	11120	11197	13001	13004
62	62	126	126	484	484
63	64	125	127	482	483
3834	3891	4476	5959	6725	8293
218	274	553	714	798	932
3826	3870	4475	5695	6694	8216
1089	1095	1113	1119	1124	1132
211	252	557	688	810	938
10316	10432	11004	11292	11410	11421
10356	10392	10942	11104	11441	11458
2567	2568	3096	3098	3766	3767
11400	11401	11933	11934	12600	12601
10319	10465	11006	11293	11436	11449
10350	10390	10939	11101	11414	11429
91	91	187	187	518	518
3815	3839	4461	5049	6419	7143
365	443	684	733	910	995
2609	2610	3137	3138	3723	3724
2786	3312	5417	6114	7721	8480
94	94	194	194	533	533
10950	11166	11582	11818	12251	12496
82	87	174	193	525	532
2851	3313	6123	6179	8489	9050
11394	11395	11595	11596	12107	12108
381	467	574	593	746	753
2828	3270	5430	6113	7722	8479
3809	3810	4451	4453	6295	6296
228	266	643	702	865	925
227	237	642	653	852	863
4630	4634	6600	6655	8071	8474
4762	4763	6870	6872	8983	8984
4623	4637	6527	6667	7668	8514
4752	4756	6805	6817	8802	8803
4717	6038	6522	7630	8064	8376
214	264	549	699	791	917
4864	6052	6812	8401	8754	8765
203	235	539	650	760	844
4670	5334	6519	7326	7627	8059
4803	5348	6809	7351	8749	8762
4719	6036	6595	7640	8054	8364
4863	6053	6791	8403	8744	8775
4672	5332	6592	7314	7635	8051
4802	5349	6788	7353	8741	8770
2745	3399	4437	6944	9786	10003
478	478	594	594	755	755
4945	5111	6436	7162	9496	9576
2909	3243	5064	7241	9710	9915
119	288	323	444	1008	1015
2803	3251	5320	5603	7337	8139
2806	3306	5606	6024	8174	8387
2830	3216	4541	6131	6736	8519
99	101	293	297	1026	1032
160	290	370	401	1006	1011
3980	4040	4570	5615	6682	8115
2811	3213	4538	5705	6701	8240
4152	4237	4604	5616	6685	8117
98	100	294	296	1027	1033
159	289	371	402	1005	1012
120	287	324	445	1007	1014
118	183	322	424	473	477
115	167	321	423	455	459
1107	1109	1151	1157	1176	1180
276	281	717	731	937	996
1106	1108	1150	1156	1174	1178
368	433	588	707	796	920
11690	11974	12285	12578	12687	12849
11658	11957	12233	12513	12648	12760
11871	11987	12511	12571	12682	12832
11870	11969	12417	12509	12643	12743
11693	11977	12290	12585	12692	12856
11779	11982	12366	12566	12679	12829
11698	12030	12277	12558	12735	12837
2753	3248	5041	5317	7172	7300
11703	12088	12280	12561	12822	12842
11655	11960	12203	12424	12667	12824
11778	11965	12364	12412	12640	12740
4873	6125	6896	8493	8995	9187
11663	12029	12195	12404	12733	12748
11667	12087	12198	12407	12753	12820
4786	4787	7001	7003	10129	10130
4791	5090	6799	7230	8786	8793
2736	3326	4420	5906	6576	8035
4725	6124	6531	7672	8491	9122
4147	4234	4601	5054	6432	7150
2756	3303	5044	6021	7207	8350
4658	5076	6509	7210	7651	8464
4650	4654	6957	6984	10039	10088
2725	3311	4415	6095	6630	8423
3975	4037	4567	5053	6429	7148
4997	6885	8925	8942	9761	9972
2825	3208	4527	6079	6641	8436
2823	3321	5801	6006	7943	8370
2770	3198	4520	5375	6448	7386
4996	6854	8914	8953	9762	9974
10968	11193	11931	12697	12961	12981
4794	5093	6864	7235	8967	8974
2739	3331	4423	6148	6661	8500
4980	6717	7623	8256	9741	9928
2820	3261	5189	6003	7086	8339
4869	6082	6759	8441	8548	8660
4808	5378	6749	7391	8541	8605
4661	5073	6647	7191	7658	8457
2718	3266	4405	5391	6412	7373
4722	6081	6469	7413	7525	8439
4675	5377	6459	7389	7406	7470
4976	6504	7612	8267	9745	9955
4746	4747	6795	6797	8782	8783
2768	3318	5302	5798	7320	7901
3973	4050	4488	5806	6548	7878
5103	6058	7225	8395	8600	8653
5098	5354	7222	7345	8588	8597
1395	2406	3717	3915	9612	9617
4614	4625	6507	6643	7648	8453
4145	4247	4502	5809	6550	7881
11994	11995	12618	12619	12923	12935
2765	3258	5186	5299	7044	7289
3970	4045	4485	5194	6368	7021
5085	6041	7186	7465	7518	8356
5081	5337	7183	7306	7453	7462
4142	4242	4499	5197	6370	7024
10983	11178	11948	12698	12960	12980
213	262	550	698	793	918
4860	6048	6757	8391	8545	8649
4758	4759	6860	6862	8963	8964
4713	6031	6467	7410	7514	8352
202	233	540	649	762	845
1616	2357	3587	3647	9631	9640
4613	4626	6505	6645	7647	8454
3604	3642	3799	3906	9274	9323
4799	5344	6745	7341	8533	8584
1394	2390	3716	3914	9594	9599
4859	6049	6755	8393	8544	8650
4798	5345	6743	7343	8532	8585
4666	5327	6455	7302	7398	7449
4712	6032	6465	7409	7515	8354
4665	5328	6453	7304	7397	7450
2589	2590	3373	3385	9485	9563
3861	3889	5424	5923	7714	8076
1536	2356	3432	3492	9630	9639
3449	3487	3783	3905	9273	9307
2885	2898	3155	3156	9471	9550
2661	2884	3082	3386	9472	9562
2741	3389	4433	6914	9723	9891
4941	4958	6346	6352	9492	9566
2905	3225	4544	6920	9706	9885
2632	3356	4118	4251	9298	9333
2622	3354	3946	4054	9295	9314
1510	2416	2892	3048	9663	9669
1664	2381	4159	4208	9479	9533
1507	2397	2891	3046	9650	9655
1561	2378	3987	4011	9478	9531
1769	2454	4373	6937	9807	10010
1778	2482	4382	6972	9861	10091
2054	2432	5995	8410	9688	9944
1849	2422	5292	7361	9678	9908
2055	2431	5996	8411	9687	9943
1848	2423	5291	7360	9679	9909
4913	5364	6404	7282	9339	9371
4922	6068	6622	8332	9348	9399
1779	2481	4383	6973	9860	10090
4923	6067	6623	8331	9349	9398
1770	2453	4374	6938	9806	10009
4914	5363	6405	7281	9340	9370
10341	10478	11023	11261	11366	11380
10310	10335	11000	11289	11372	11388
4895	6204	6842	8851	8902	9071
4908	6290	6837	8834	8895	9172
3820	3857	4462	5260	6441	7249
4898	6207	6874	8987	8989	9076
6066	6217	8405	8844	8885	9066
5362	6212	7355	8839	8882	9063
4903	6250	6834	8831	8890	9109
3831	3886	4471	5872	6583	8016
200	226	543	641	772	860
13139	13161	13168	13169	13196	13197
4853	5658	6993	8212	10109	10118
4707	5641	6954	8210	10026	10035
5004	6783	8572	8735	9836	10086
4986	6493	7437	7600	9835	10084
5675	8195	8673	8726	9769	9964
5674	7538	7591	8156	9751	9925
1	1	2	2	3	3
11046	11315	11592	11809	12244	12485
220	277	559	718	815	948
1312	1679	2527	3132	4166	4270
2607	2958	3087	3529	3730	3791
212	256	558	696	813	946
2742	3391	4432	6912	9724	9890
4940	4959	6344	6351	9493	9568
2906	3227	4545	6919	9705	9883
10309	10336	10999	11288	11373	11389
10342	10479	11022	11260	11367	11379
10578	10684	11554	11860	12225	12478
10557	10652	11540	11872	12232	12512
1104	1105	1148	1149	1170	1171
152	153	326	327	387	389
10651	10679	11848	11867	12472	12510
10625	10650	11761	11866	12337	12508
10581	10689	11557	11873	12234	12514
10602	10676	11775	11845	12365	12468
201	225	544	640	773	859
10553	10630	11531	11780	12163	12367
10601	10622	11758	11774	12333	12363
109	110	319	320	419	420
1098	1099	1138	1139	1158	1159
10299	10820	10891	11192	12928	12941
364	438	677	678	904	905
10590	10859	11573	12307	13037	13048
10589	10858	11572	12305	13036	13046
369	439	685	732	911	994
195	196	534	536	738	739
10496	10808	11062	11279	12920	12934
2448	2495	9704	9847	9982	10072
10980	11033	11127	11322	12890	12902
2447	2466	9703	9798	9980	9999
4939	6967	9365	9448	9853	10063
4938	6936	9364	9447	9804	9990
10667	10857	11831	12455	13031	13044
10616	10856	11747	12324	13030	13042
5855	7988	9412	9446	9776	9938
5243	7131	9383	9445	9775	9907
11717	11837	12212	12446	13011	13013
1443	1466	2703	3030	4164	4271
11716	11753	12151	12315	13010	13012
2680	2952	3107	3521	3738	3763
1298	1546	2517	3114	3954	4003
353	426	566	581	743	748
1431	1464	2695	3027	4099	4210
1308	1649	2523	3125	4126	4200
1404	1458	2670	3017	3927	4013
1283	1418	2512	3121	4076	4083
10170	10204	10369	10470	11499	11506
460	460	591	591	752	752
10163	10188	10367	10435	11487	11493
1197	1217	1444	1673	4181	4274
1196	1216	1445	1672	4182	4275
10164	10189	10366	10436	11486	11492
2687	3109	3593	3602	3772	3798
1420	1452	2623	2996	4074	4079
10169	10203	10370	10469	11500	11507
1419	1451	2624	2997	4073	4080
1284	1417	2513	3122	4075	4082
343	343	343	410	410	410
363	430	585	658	765	847
1991	2153	5588	5902	8043	8169
1984	2073	5584	6091	8176	8431
2089	2118	5760	6130	7962	8523
1883	2088	5148	6129	7105	8521
1994	2217	5591	6144	8178	8508
1918	1980	5387	5578	7381	8141
2007	2115	5704	5757	7958	8244
1880	2006	5145	5703	7101	8242
627	687	834	915	991	1001
10323	10814	11013	11323	12922	12933
11676	11677	12271	12273	12552	12553
4824	5442	6829	7742	8827	8876
4827	5445	6873	7747	8986	8988
609	686	790	901	913	999
5455	6061	7737	8404	8820	8859
11640	11644	12189	12254	12398	12502
10410	10811	10982	11109	12926	12942
10937	11060	11191	11286	12893	12896
5357	5450	7354	7734	8815	8856
4832	6115	6821	8482	8807	8864
4872	6116	6824	8484	8810	8869
103	103	301	301	1039	1039
10966	11184	11930	12055	12671	12807
1297	1544	2518	3116	3955	4002
185	292	474	479	1010	1019
102	102	300	300	1038	1038
247	275	676	716	906	936
1430	1462	2696	3026	4100	4212
1307	1647	2524	3127	4127	4199
169	291	456	461	1009	1018
1403	1456	2671	3016	3928	4015
630	711	824	930	967	975
4651	4653	6959	6971	10040	10076
4783	4784	6996	6998	10122	10123
612	710	785	884	892	926
4977	6525	7633	8068	9744	9942
4994	6815	8758	8768	9758	9967
4979	6598	7644	8057	9742	9930
4993	6794	8747	8779	9759	9969
1070	1076	1084	1092	1117	1131
2809	3396	5609	8207	9730	9953
2920	3232	4551	6982	9833	10081
4965	5672	6690	8128	9507	9573
206	243	545	664	776	867
217	272	554	713	800	933
625	662	821	857	964	970
11696	11980	12300	12702	12977	12989
10344	10518	11251	11347	11371	11387
11661	11963	12298	12700	12975	12987
10340	10456	11246	11352	11375	11393
11997	12575	12685	12835	12953	12973
11713	12283	12564	12846	12963	12985
11996	12421	12646	12746	12952	12971
11712	12201	12410	12757	12962	12983
2759	3393	5047	7240	9727	9916
116	177	317	380	412	465
10899	10900	11032	11125	11149	11297
4797	5096	6990	7245	10106	10113
4962	5110	6437	7161	9502	9570
2749	3406	4439	6965	9850	10062
10343	10501	11220	11328	11370	11386
4664	5079	6951	7243	10023	10030
2746	3401	4436	6934	9801	9989
2915	3229	4548	6945	9785	10002
10339	10426	11215	11333	11374	11392
4999	6780	8569	8730	9788	10007
2913	3324	5804	7987	9712	9936
4982	6490	7434	7595	9787	10005
5113	7228	8603	8723	9764	9961
2910	3264	5192	7130	9709	9905
4947	5858	6563	7888	9500	9583
5112	7189	7468	7588	9747	9922
4944	5246	6383	7031	9497	9578
4779	4780	6986	6988	10102	10103
11043	11310	11589	11727	12171	12344
4646	4647	6947	6949	10019	10020
4990	6778	8566	8719	9754	9957
4973	6488	7431	7584	9737	9918
4989	6776	8565	8720	9755	9959
4972	6486	7430	7585	9738	9920
2726	3284	4425	5618	6675	8120
1071	1077	1083	1093	1116	1130
10901	10901	11196	11196	13005	13005
2886	3367	9303	9440	9473	9587
1726	2005	4351	5702	6698	8239
10415	10851	10987	11112	13017	13022
2386	2386	9514	9514	9544	9544
10587	10855	11570	12301	13029	13039
2445	2446	9701	9702	9976	9977
1735	2087	4360	6128	6733	8518
4936	6926	9362	9444	9774	9898
1837	1974	5287	5574	7334	8138
1983	2043	5583	5991	8173	8384
10588	10854	11571	12302	13028	13038
13079	13100	13124	13138	13144	13159
4937	6927	9363	9443	9773	9897
11714	11715	12141	12142	13008	13009
10947	11163	11579	11735	12176	12353
10274	10334	10866	11129	11369	11383
11683	11820	12263	12500	12534	12543
11649	11819	12186	12385	12394	12498
10338	10379	10910	11076	11365	11376
4901	6210	7000	9084	10126	10128
124	149	348	378	398	466
1366	1449	2600	2995	3679	3719
5007	6840	8837	8899	9875	10138
6225	8848	8888	9069	9772	9971
1281	1357	2511	3093	3688	3755
2730	3294	4429	5681	6705	8232
4852	5656	6883	8201	8922	8941
4706	5636	6715	7620	8157	8255
10152	10152	10358	10358	11464	11464
13133	13153	13178	13179	13208	13209
10153	10154	10357	10359	11462	11463
2605	2638	3061	3102	3727	3760
1751	2168	4336	5911	6579	8046
1758	2222	4346	6153	6664	8511
2051	2163	5883	5988	8009	8373
10907	10936	11018	11143	11144	11284
158	184	349	400	472	475
1845	2160	5284	5880	7323	8005
11039	11300	11585	11622	12118	12131
2665	3106	3438	3447	3769	3782
10406	10528	10914	11090	11442	11456
2727	3286	4424	5619	6673	8119
10433	10489	11025	11265	11409	11420
10403	10508	10913	11088	11415	11427
10466	10492	11026	11267	11435	11448
1838	1973	5288	5573	7335	8137
1982	2044	5582	5992	8172	8385
1736	2086	4361	6127	6734	8517
1727	2004	4352	5701	6699	8238
10209	10209	10452	10452	11498	11498
2793	3340	5497	6249	7788	9107
1280	1358	2509	3092	3690	3756
1242	1242	1690	1690	4295	4295
10586	10829	11569	12299	12955	12976
10193	10205	10439	10473	11505	11512
4151	4248	5510	6200	7766	9034
1368	1450	2598	2994	3680	3718
10585	10828	11568	12297	12954	12974
2970	3549	4444	5324	6394	7278
10682	10827	11851	12475	12949	12972
10211	10211	10474	10474	11513	11513
2796	3344	5500	6289	7823	9170
3979	4051	5509	6197	7764	9031
1422	1598	3569	3606	4078	4087
11709	11857	12223	12466	12909	12911
1221	1221	1676	1676	4280	4280
10628	10826	11764	12340	12948	12970
11708	11770	12158	12331	12908	12910
2973	3554	4447	6028	6612	8328
10337	10378	10911	11077	11364	11377
10275	10333	10867	11130	11368	11382
1813	2150	5026	5899	7202	8039
2983	3544	4579	6009	6619	8321
2978	3541	4576	5305	6401	7271
1421	1518	3414	3451	4077	4086
1806	2070	5022	6088	7209	8427
1816	2214	5029	6141	7211	8504
2061	2110	5746	6078	7947	8440
1855	2100	5374	5739	7390	7912
1802	1915	5016	5384	7174	7377
1875	2060	5134	6077	7090	8438
1742	2148	4330	5896	6572	8031
1854	1865	5127	5373	7055	7388
1719	2068	4320	6085	6626	8419
615	615	817	817	960	960
598	598	778	778	877	877
2047	2108	5743	5984	7939	8366
1754	2212	4342	6138	6657	8496
1873	2036	5131	5974	7082	8335
1705	1913	4303	5381	6408	7369
1841	2096	5280	5731	7316	7897
1830	1861	5119	5270	7040	7285
3623	3631	4586	5325	6403	7280
1328	2371	2554	3369	9481	9536
4291	4291	4609	4609	6338	6338
3626	3636	4589	6029	6621	8330
1500	2336	2894	3051	9454	9546
2657	2867	3078	3359	9253	9288
4068	4068	4594	4594	6335	6335
3884	3884	5789	5789	7930	7930
3855	3881	5177	5786	7073	7892
608	661	782	853	881	887
11040	11302	11584	11623	12116	12130
1438	2297	4109	4249	9227	9331
1411	2293	3937	4052	9219	9312
1257	1270	2361	2414	9660	9667
1252	1261	2359	2394	9648	9654
1662	2310	4156	4206	9214	9278
1253	1262	2358	2395	9647	9653
1559	2302	3984	4009	9210	9275
1558	2301	3985	4010	9209	9276
1256	1269	2362	2413	9661	9668
1412	2292	3938	4053	9218	9311
1661	2309	4157	4207	9213	9279
1439	2296	4110	4250	9226	9330
2569	2569	3097	3097	3765	3765
1316	1630	2545	3181	4063	4067
1437	1604	3582	3619	4108	4229
1319	1686	2548	3188	4286	4290
1303	1566	2541	3187	4173	4264
1410	1602	3579	3616	3936	4032
10716	10776	11910	12077	12659	12800
2193	2236	6126	6166	8494	9052
11069	11342	11594	11633	12120	12134
10709	10764	11906	12089	12666	12823
10763	10771	12065	12084	12794	12821
1434	1524	3427	3464	4107	4228
3982	4041	4569	5792	6554	7872
1311	1669	2536	3168	4177	4260
2188	2270	5936	6287	8102	9171
10719	10781	11913	12090	12668	12825
10739	10762	12012	12083	12715	12819
1407	1522	3424	3461	3935	4031
2224	2239	6156	6168	8516	9053
2847	3223	4534	6146	6662	8499
10705	10744	11900	12031	12631	12736
10732	10768	12026	12062	12734	12790
4154	4238	4603	5794	6557	7874
2185	2249	5933	6247	8098	9108
2834	3252	5319	5774	7321	7900
10731	10736	12009	12025	12711	12732
2842	3220	4531	5904	6577	8034
2837	3307	5777	6023	7942	8371
13085	13088	13126	13136	13143	13160
1999	2493	5599	8211	9846	10070
1998	2464	5598	8209	9797	9997
13082	13094	13130	13132	13151	13152
2134	2479	5770	7995	9832	10085
5671	5854	7956	8167	9396	9410
1899	2478	5158	7138	9831	10083
5242	5670	7099	8136	9381	9395
1075	1079	1091	1097	1129	1137
11694	11979	12289	12583	12693	12855
4830	5448	6999	7755	10125	10127
1741	2146	4331	5895	6574	8032
11656	11962	12202	12422	12674	12813
1718	2066	4321	6084	6628	8420
5463	7740	8824	8862	9767	9970
2046	2106	5742	5985	7940	8368
5002	6827	8813	8873	9820	10048
1074	1078	1090	1096	1128	1136
1753	2210	4343	6137	6659	8497
1871	2035	5130	5975	7083	8337
1704	1911	4304	5380	6410	7370
1840	2094	5281	5730	7318	7898
1829	1859	5118	5271	7041	7287
13127	13145	13188	13189	13220	13221
10973	11187	12045	12096	12774	12861
1327	2369	2555	3371	9482	9535
1498	2335	2895	3050	9455	9548
2658	2868	3080	3358	9252	9286
10956	11160	11615	11817	12252	12495
2711	3234	4407	5056	6422	7153
1385	1637	3658	3665	3706	3800
1384	1622	3653	3670	3707	3802
896	896	974	974	978	978
979	979	979	979	979	979
891	891	895	895	973	973
1069	1073	1080	1087	1110	1122
1716	2059	4324	6076	6638	8435
1699	1853	4309	5372	6445	7385
65	74	105	141	310	384
1805	2033	5021	5978	7206	8347
1796	1827	5012	5274	7171	7297
113	146	315	339	393	406
1762	2206	4366	5966	6730	8308
1765	2225	4369	6157	6739	8527
1847	2198	5290	5951	7340	8298
2053	2201	5954	5994	8302	8390
10951	11168	11581	11854	12221	12465
1733	2019	4356	5709	6702	8246
10948	11165	11578	11767	12156	12330
155	168	346	397	454	457
2807	3291	5608	5625	8181	8182
4703	5639	6523	7632	8065	8171
4849	5653	6813	8196	8755	8767
2757	3288	5046	5622	7214	8145
1737	2090	4362	6135	6737	8525
1839	2011	5289	5687	7338	8221
2014	2045	5690	5993	8225	8388
4796	5094	6880	7234	8917	8938
4663	5074	6712	7190	7615	8252
4764	4772	6845	6878	8906	8935
4616	4639	6495	6710	7604	8249
10959	11169	11923	11940	12604	12610
1381	1597	3568	3599	3702	3793
1380	1595	3567	3600	3703	3795
1372	1517	3413	3444	3693	3777
2571	2578	2649	3064	3141	3147
1371	1515	3412	3445	3694	3779
2594	2945	3100	3528	3770	3792
2712	3236	4406	5057	6420	7152
1485	1680	2633	3011	4165	4269
10943	11153	11575	11608	12113	12124
10698	10730	11895	12024	12627	12729
2787	3297	5419	5715	7727	8275
13107	13109	13167	13173	13200	13204
2852	3298	5723	6181	8284	9056
1482	1654	2627	3009	4112	4192
10707	10761	11904	12082	12662	12816
3862	3894	5505	6185	7759	9021
13106	13108	13166	13172	13198	13202
10699	10729	11896	12023	12628	12728
11641	11643	12191	12227	12399	12479
10708	10760	11905	12081	12663	12815
11673	11674	12266	12268	12547	12548
1795	1828	5011	5275	7170	7298
1804	2034	5020	5979	7205	8348
1472	1551	2617	3003	3940	3995
2082	2230	6118	6162	8486	9049
1471	1552	2616	3001	3941	3997
1481	1655	2626	3007	4113	4194
1781	2477	4392	6979	9830	10080
1288	1402	2531	3164	3934	4028
1717	2058	4325	6075	6639	8434
1700	1852	4310	5371	6446	7384
11702	12057	12281	12563	12811	12843
66	76	104	142	308	383
4907	6266	6838	8836	8896	9163
4932	5669	6687	8127	9351	9394
11666	12056	12199	12409	12754	12809
1997	2434	5597	8206	9697	9950
10537	10600	11520	11773	12159	12360
10555	10649	11538	11865	12228	12505
1292	1429	2539	3183	4106	4225
10556	10648	11539	11864	12229	12504
1693	1823	4297	5267	6386	7264
1289	1401	2532	3165	3933	4027
4150	4243	5426	5438	7698	7705
1293	1428	2540	3184	4105	4224
10538	10599	11521	11772	12160	12359
4155	4244	5525	6188	7773	9027
1068	1072	1081	1086	1111	1123
3978	4046	5425	5435	7696	7702
1711	2029	4315	5971	6604	8314
2740	3330	4431	5960	6726	8295
3983	4047	5522	6187	7770	9025
2860	3280	5517	6288	7824	9169
2856	3277	5514	6248	7789	9106
1712	2028	4317	5969	6605	8313
1694	1822	4299	5265	6387	7263
10963	11179	11927	12003	12634	12722
11695	11978	12291	12584	12691	12854
2731	3296	4428	5696	6695	8218
4900	6208	6890	8932	8958	9075
4768	4776	6855	6888	8926	8955
2710	3245	4401	5312	6391	7273
4635	4643	6599	6720	8069	8269
11660	11958	12247	12491	12647	12758
3829	3877	4468	5782	6542	7865
4139	4231	4497	4596	6309	6326
2722	3300	4413	6016	6609	8323
11811	11986	12489	12572	12683	12834
3967	4034	4483	4562	6303	6316
2817	3205	4522	6001	6614	8318
2762	3193	4510	5297	6396	7268
11810	11968	12418	12487	12644	12745
3818	3848	4458	5170	6362	7008
11049	11304	11626	11726	12172	12343
11054	11307	11629	11808	12245	12484
1246	1246	2350	2350	9625	9625
2808	3322	5607	5803	7955	8165
270	270	704	704	927	927
3468	3476	4555	5322	6400	7277
2805	3262	5191	5604	7098	8134
241	267	655	701	854	923
1387	2287	3709	3899	9205	9268
1388	2286	3711	3900	9203	9267
3471	3481	4558	6026	6618	8327
4178	4265	4572	4606	6322	6330
1247	1248	2349	2351	9623	9624
4845	5649	6763	8186	8558	8665
1389	2288	3710	3898	9204	9266
4699	5632	6473	7423	7530	8147
1789	2498	4389	6968	9855	10073
3852	3852	5174	5174	7035	7035
4765	4771	6847	6876	8907	8934
2166	2442	5886	8012	9694	9939
4929	5892	6571	8003	9359	9415
4617	4638	6497	6708	7605	8248
10960	11171	11922	11941	12602	12609
2083	2229	6119	6161	8487	9048
151	151	328	328	388	388
3863	3893	5506	6184	7760	9020
10908	11020	11190	11321	12897	12903
2572	2577	2650	3066	3139	3146
10411	10821	10981	11108	12927	12940
10497	10815	11061	11278	12921	12932
1996	2435	5596	8205	9698	9951
2645	2673	3073	3119	3957	4018
3977	4038	4566	5180	6374	7015
2705	3190	4396	4509	6300	6315
1782	2476	4393	6980	9829	10079
2647	2698	3076	3130	4129	4215
4933	5668	6688	8126	9352	9393
4149	4235	4600	5182	6377	7017
2782	3202	4516	5389	6413	7372
2827	3209	4526	6093	6631	8422
2774	3249	5162	5316	7043	7290
2777	3304	5165	6020	7085	8340
4837	5546	6901	7846	9010	9194
4694	5529	6656	7807	8476	9129
11047	11317	11591	11834	12210	12445
5559	6062	7841	8409	9004	9182
5541	6044	7681	7802	8365	9117
4840	5549	6905	7851	9016	9200
5358	5554	7359	7838	9000	9179
11044	11312	11588	11750	12149	12314
4691	5532	6536	7687	7826	9174
5340	5537	7315	7677	7799	9114
1275	1275	2411	2411	9659	9659
2799	3407	5503	7856	9874	10136
1632	2315	4064	4069	9232	9328
1278	1278	2418	2418	9674	9674
1266	1271	2398	2417	9666	9673
1932	2180	5404	6117	7723	8485
5566	6224	7777	9039	9506	9584
2919	3338	6195	9082	9825	10051
1688	2318	4287	4292	9235	9335
2976	3562	4450	6916	9734	9894
1568	2306	4174	4266	9228	9334
2085	2275	6121	6271	8492	9149
1935	2223	5406	6155	7724	8515
1671	2311	4179	4261	9223	9315
2081	2175	5918	6112	8085	8483
2080	2172	5915	6111	8081	8481
3865	3897	5508	6276	7813	9144
2084	2253	6120	6235	8490	9093
4950	4969	6348	6355	9522	9608
2991	3547	4582	6923	9715	9887
3864	3896	5507	6240	7782	9088
1821	2490	5037	7244	9843	10066
1820	2461	5036	7242	9794	9993
4878	5830	6803	7974	8788	8796
4730	5816	6513	7653	7948	8467
2131	2452	5767	7991	9784	10006
1896	2451	5155	7134	9783	10004
5109	5851	7200	7910	9369	9407
4891	6150	6774	8509	8555	8663
10290	10482	10875	11028	11121	11270
4742	6149	6484	7420	7528	8505
5108	5239	7053	7169	9368	9378
1785	2488	4385	6961	9840	10058
4881	5833	6868	7979	8969	8977
1774	2459	4375	6930	9791	9985
4733	5813	6651	7661	7924	8459
5843	6065	7969	8399	8639	8655
5361	5838	7349	7966	8590	8636
4886	5908	6771	8044	8552	8644
2129	2438	5764	7983	9690	9932
5825	6047	7504	7520	7919	8360
5343	5821	7310	7455	7501	7916
4738	5907	6481	7417	7509	8040
1894	2427	5152	7126	9680	9901
4925	5848	6559	7884	9355	9405
4844	5650	6761	8188	8557	8666
4915	5236	6379	7027	9344	9376
4698	5633	6471	7422	7531	8149
3629	3649	4592	6925	9735	9896
10174	10222	10349	10505	11413	11426
4970	4970	6357	6357	9619	9619
10178	10231	10355	10525	11440	11455
10300	10840	10892	11194	12996	13003
92	93	186	188	480	481
2323	2343	9242	9438	9464	9585
2877	3365	9260	9301	9429	9431
10263	10265	10845	10849	13014	13020
10262	10264	10846	10848	13015	13021
1722	2076	4326	6099	6642	8442
2325	2384	9240	9434	9511	9542
10413	10842	10984	11110	12994	12999
10944	11155	11574	11609	12111	12123
2324	2383	9239	9435	9512	9543
1907	2039	5255	5980	7258	8351
1747	2156	4340	5910	6588	8047
1710	1921	4314	5395	6449	7392
2322	2344	9241	9437	9465	9586
1833	1904	5252	5276	7254	7301
10412	10841	10985	11111	12993	13000
890	890	890	890	890	890
4854	5683	6765	8236	8561	8676
4871	6097	6760	8432	8547	8658
2050	2142	5867	5989	8025	8375
2878	3366	9261	9300	9428	9430
4708	5682	6475	7426	7541	8234
1757	2220	4347	6152	6666	8512
10301	10839	10893	11195	12995	13002
4815	5221	6865	7122	8966	8972
1844	2139	5285	5864	7325	8021
4820	5393	6753	7382	8537	8593
1334	2407	2563	3388	9614	9618
11679	11737	12260	12357	12531	12538
5226	5356	7109	7346	8576	8587
10646	10665	11816	11830	12453	12499
11646	11736	12183	12355	12382	12389
4812	5218	6800	7117	8785	8791
5231	6060	7112	8396	8579	8652
10614	10645	11746	11815	12322	12497
1617	2342	3589	3648	9463	9565
2876	3179	3614	3644	9259	9324
1331	2391	2562	3387	9596	9600
10724	10835	11921	12701	12965	12988
2243	2500	6175	9083	9858	10078
10641	10680	11807	11850	12473	12488
10723	10834	11920	12699	12964	12986
1537	2339	3434	3493	9462	9564
4964	5856	6564	7887	9509	9574
10774	10833	12068	12797	12959	12984
10626	10640	11763	11806	12338	12486
2875	3163	3459	3489	9256	9308
11993	12074	12657	12788	12915	12917
2191	2505	5939	8105	9872	10137
5945	6222	8096	9046	9417	9422
10742	10832	12015	12718	12958	12982
2922	3233	4550	6966	9848	10061
11992	12021	12626	12709	12914	12916
2840	3397	5780	7986	9729	9937
10294	10512	10879	11068	11128	11340
1435	1579	2966	3512	4103	4217
13171	13191	13201	13205	13225	13229
1408	1577	2963	3509	3931	4020
13170	13190	13199	13203	13223	13227
11701	12048	12292	12586	12779	12869
11665	12047	12205	12425	12777	12867
10289	10480	10876	11029	11123	11269
1784	2486	4386	6963	9839	10059
1773	2457	4376	6932	9790	9986
10314	10389	10932	11001	11100	11280
2127	2437	5763	7984	9691	9934
1892	2426	5151	7127	9681	9903
4926	5847	6561	7885	9354	9403
4916	5235	6381	7028	9343	9374
88	89	179	181	469	470
10179	10232	10354	10526	11439	11454
10974	11176	11947	12054	12672	12806
79	80	163	165	451	452
2754	3238	5043	5060	7177	7178
10175	10223	10348	10506	11412	11425
2804	3241	5063	5605	7215	8144
4660	5077	6520	7204	7629	8060
4793	5091	6810	7229	8750	8764
156	178	333	379	391	464
4621	4631	6518	6589	7626	8049
4749	4754	6785	6808	8739	8761
248	280	680	730	908	993
1925	2079	5399	6110	7719	8478
10564	10644	11562	11814	12249	12494
2738	3327	4421	5889	6569	8002
3859	3860	5422	5423	7691	7692
1926	2078	5400	6109	7720	8477
1345	1548	2932	3530	3962	4006
3811	3811	4452	4452	6294	6294
1348	1651	2934	3531	4134	4203
2801	3212	4537	5600	6680	8112
215	263	551	697	792	916
1771	2450	4379	6942	9782	10001
4919	5107	6434	7160	9341	9367
1819	2424	5035	7239	9684	9913
204	234	541	648	761	843
5454	5662	7738	8199	8821	8861
5667	6216	8200	8845	8887	9067
95	95	285	285	1004	1004
1557	1608	3573	3605	3963	4008
2719	3265	4410	5261	6442	7251
2737	3325	4422	5873	6584	8018
96	97	284	286	1002	1003
1492	1687	2704	3037	4285	4288
1611	1660	3575	3607	4135	4205
11657	11961	12204	12423	12661	12801
4897	6205	6843	8850	8900	9070
11692	11975	12286	12577	12686	12847
4851	5657	6852	8203	8913	8950
1489	1631	2692	3034	4062	4065
4795	5095	6849	7236	8910	8945
1791	2501	4395	6985	9859	10089
4702	5640	6502	7611	8184	8264
238	238	652	652	850	850
10313	10387	10933	11002	11099	11282
4659	5078	6499	7217	7608	8259
4935	5963	6728	8296	9361	9418
2204	2444	5957	8305	9700	9956
10969	11173	11944	12002	12635	12721
2814	3336	5722	6194	8283	9057
11729	11981	12348	12567	12680	12831
4829	5446	6889	7746	8931	8957
11728	11964	12346	12413	12641	12742
1783	2480	4394	6983	9837	10087
249	279	681	729	909	992
10906	10925	11019	11118	11150	11296
4934	5699	6697	8219	9353	9397
11687	11972	12274	12556	12678	12828
2017	2436	5693	8228	9699	9954
11652	11955	12192	12402	12639	12739
2758	3319	5045	5800	7198	7909
2755	3259	5042	5188	7052	7167
2750	3195	4518	5039	6428	7147
2800	3210	4536	5601	6681	8114
4789	5087	6748	7219	8540	8595
2734	3317	4417	5797	6545	7876
4656	5070	6458	7180	7405	7460
2716	3257	4402	5185	6365	7019
10972	11182	12036	12037	12764	12765
4620	4632	6516	6591	7625	8050
4750	4753	6787	6806	8740	8760
11669	11670	12256	12258	12527	12528
11636	11637	12179	12181	12378	12379
10326	10391	10940	11066	11103	11341
10977	11183	12046	12095	12775	12860
2858	3342	6256	6257	9133	9134
4828	5447	6858	7748	8929	8959
4825	5444	6828	7743	8825	8875
4899	6209	6859	8930	8960	9077
4896	6206	6841	8849	8901	9072
11705	12098	12288	12580	12853	12865
11686	12097	12270	12551	12781	12863
10721	10831	11918	12695	12957	12979
2585	2586	3351	3353	9293	9294
11990	11991	12616	12617	12912	12913
10722	10830	11919	12696	12956	12978
1506	2376	2881	3045	9467	9528
1818	2425	5034	7238	9685	9914
4778	4778	6891	6891	8961	8961
1505	2377	2880	3043	9468	9530
4624	4645	6526	6732	7645	8309
1772	2449	4380	6943	9781	10000
1325	2334	2560	3383	9461	9561
4920	5106	6435	7159	9342	9366
11691	11976	12284	12576	12688	12848
10967	11186	11929	12071	12655	12787
11659	11959	12216	12459	12649	12759
10583	10825	11566	12293	12947	12967
2789	3402	5420	7752	9819	10046
2873	2874	3153	3154	9250	9251
2797	3343	5502	6265	7830	9161
1326	2333	2561	3384	9460	9560
2854	3403	6182	9081	9826	10052
10584	10824	11567	12294	12946	12966
4769	4775	6857	6886	8927	8954
1766	2420	4370	6908	9677	9880
251	283	683	736	914	1000
4748	4748	6796	6796	8781	8781
5461	5462	7709	7710	9505	9579
11706	11707	12137	12138	12906	12907
4615	4627	6506	6644	7646	8452
4642	4642	6718	6718	8268	8268
2918	3273	5433	7753	9818	10045
250	282	682	735	912	998
13181	13181	13213	13213	13217	13217
5567	6223	7778	9038	9510	9580
4910	4912	6340	6341	9336	9337
4861	6050	6756	8392	8543	8648
2923	3283	5520	7857	9873	10135
10964	11181	11926	12018	12624	12708
11889	11989	12582	12592	12690	12851
1767	2419	4372	6909	9675	9879
4760	4760	6861	6861	8962	8962
4714	6033	6466	7408	7513	8353
13180	13180	13211	13211	13215	13215
4800	5346	6744	7342	8531	8583
2584	2584	3177	3177	3613	3613
4667	5329	6454	7303	7396	7448
2581	2581	3161	3161	3458	3458
5102	5659	7226	8190	8602	8669
5664	5664	8193	8193	8672	8672
2733	3315	4418	5796	6547	7877
5084	5642	7187	7467	7534	8151
5646	5646	7537	7537	8154	8154
2743	3390	4434	6913	9722	9889
2853	3329	5942	6180	8095	9044
4942	4957	6345	6350	9494	9567
2715	3255	4403	5184	6367	7020
2907	3226	4543	6918	9707	9884
11688	11971	12276	12557	12676	12827
4679	5204	6510	7091	7650	8462
4893	6201	6833	8830	8880	9060
11653	11954	12194	12403	12637	12738
4682	5201	6648	7067	7656	8456
4724	6096	6470	7412	7523	8428
4687	5392	6463	7378	7402	7458
5213	6043	7062	7444	7517	8357
5209	5339	7059	7307	7441	7452
2810	3214	4540	5680	6706	8231
3474	3494	4561	6922	9732	9893
4967	4967	6354	6354	9601	9601
10953	11157	11612	11734	12177	12352
13089	13101	13125	13137	13142	13158
2751	3197	4519	5038	6427	7145
10565	10643	11563	11813	12250	12493
4788	5088	6746	7221	8539	8596
4655	5071	6456	7182	7404	7461
4743	4743	6741	6741	8530	8530
4610	4610	6451	6451	7395	7395
2660	2897	3083	3374	9484	9551
4961	5244	6384	7030	9504	9571
4705	5637	6596	7641	8056	8159
2917	3230	4547	6935	9799	9988
2780	3394	5168	7129	9726	9906
4848	5654	6792	8198	8746	8776
10215	10237	10461	10523	11424	11431
1198	1222	1442	1677	4163	4268
1375	1572	2951	3499	3684	3737
1339	1362	2928	3527	3697	3789
4843	5552	7004	7861	10132	10142
10218	10240	10468	10530	11453	11461
4697	5535	6960	7859	10042	10140
10202	10227	10467	10509	11438	11452
5569	7844	9007	9185	9768	9975
5003	6899	8998	9191	9828	10056
5568	7684	7805	9120	9750	9931
4985	6534	7675	9126	9827	10054
10197	10233	10434	10529	11445	11460
10267	10267	10853	10853	13027	13027
10594	10677	11725	11847	12347	12469
10593	10623	11724	11760	12334	12345
2974	3553	4449	5629	6677	8123
2327	2409	9244	9442	9615	9620
10266	10266	10852	10852	13026	13026
1939	2499	5413	7754	9857	10077
10576	10675	11551	11844	12217	12461
10450	10844	11236	11241	12998	13007
10551	10621	11528	11757	12152	12326
3645	3645	9326	9326	9433	9433
2326	2393	9243	9441	9597	9602
2178	2471	5921	8088	9817	10047
5460	5927	7717	8079	9388	9416
4892	6202	6831	8829	8881	9062
10422	10843	11206	11211	12997	13006
3490	3490	9310	9310	9432	9432
4884	5836	6994	7996	10108	10116
1993	2164	5589	5885	8010	8168
4736	5819	6955	7992	10025	10033
11253	11354	11619	11634	12128	12136
5006	6784	8571	8733	9852	10071
4988	6494	7436	7598	9851	10067
5860	7972	8642	8725	9771	9965
5859	7507	7590	7922	9753	9926
3627	3635	4591	5630	6686	8125
10283	10384	10870	10921	11093	11114
10249	10255	10810	10818	12925	12939
245	246	674	675	902	903
1338	1363	2927	3526	3698	3790
1199	1223	1441	1678	4162	4267
10494	10802	11059	11277	12878	12892
7567	7575	8622	8692	8795	8799
8702	8702	8710	8710	8800	8800
10322	10796	11012	11320	12884	12900
7495	7549	7660	8470	8612	8661
7665	8471	8630	8662	8684	8687
1376	1573	2950	3498	3685	3736
7570	7580	8625	8697	8976	8980
8705	8705	8715	8715	8981	8981
7490	7490	7562	7562	8975	8975
11697	12005	12278	12560	12726	12838
7527	7552	7664	8466	8609	8617
4902	6231	6835	8833	8891	9102
11662	12004	12196	12406	12724	12749
10296	10519	10884	11146	11252	11349
10758	10772	12053	12067	12795	12810
10168	10201	10351	10464	11432	11446
7487	7487	7557	7557	8794	8794
2189	2266	5938	6263	8103	9162
197	197	535	535	737	737
10740	10757	12014	12052	12716	12808
10162	10187	10345	10431	11406	11418
4858	5725	6897	8288	8997	9188
1777	2467	4381	6946	9805	10008
1187	1201	1397	1540	3924	3992
4857	5717	6825	8279	8812	8870
4831	5716	6822	8277	8809	8865
4711	5724	6532	7674	8286	9123
1910	2430	5258	7261	9686	9917
13113	13115	13177	13183	13212	13216
1788	2496	4390	6970	9854	10074
4921	5264	6444	7252	9347	9384
1193	1213	1424	1643	4096	4189
10687	10692	11862	11886	12481	12591
10293	10502	10883	11145	11221	11330
5001	6781	8568	8728	9803	9998
13112	13114	13176	13182	13210	13214
2145	2441	5870	8028	9695	9941
11056	11308	11628	11832	12211	12444
4930	5876	6586	8019	9358	9413
10958	11161	11614	11852	12222	12464
4818	5224	6991	7139	10105	10111
1382	1596	3566	3598	3704	3794
5248	7115	8582	8722	9766	9962
1299	1545	2519	3115	3953	4001
10580	10685	11555	11859	12224	12476
1183	1183	1415	1415	4072	4072
10572	10670	11548	11839	12213	12456
1432	1463	2694	3025	4101	4211
1309	1648	2525	3126	4125	4198
1184	1185	1414	1416	4070	4071
1405	1457	2669	3015	3929	4014
11053	11318	11800	11888	12434	12590
10574	10671	11565	11841	12255	12503
1528	1554	3418	3450	3960	4005
1531	1657	3420	3452	4132	4202
1476	1567	2701	3029	4172	4262
1484	1670	2676	3021	4175	4259
10575	10673	11552	11843	12219	12462
1989	2114	5585	5756	7951	8161
1879	1978	5144	5575	7094	8130
10550	10619	11529	11756	12154	12327
1332	2401	2558	3376	9521	9606
2813	3271	5432	5714	7728	8274
10566	10647	11564	11821	12253	12501
1590	2340	2990	3517	9458	9553
2871	2961	3090	3560	9257	9318
5100	5449	7232	7735	8816	8858
5105	6211	7233	8840	8884	9064
4821	5440	6818	7733	8805	8855
4662	5075	6593	7192	7636	8053
4792	5092	6789	7231	8743	8771
10321	10797	11011	11319	12885	12901
4826	5443	6830	7741	8826	8874
1294	1454	2514	2637	3014	3058
10250	10256	10809	10819	12924	12938
10495	10803	11058	11276	12879	12891
1194	1215	1423	1644	4094	4188
10710	10756	11914	12051	12669	12805
1188	1203	1396	1541	3922	3991
10320	10448	11010	11235	11239	11299
10161	10186	10346	10430	11407	11419
10167	10200	10352	10463	11433	11447
10317	10420	11009	11205	11209	11298
2788	3328	5418	5924	7715	8078
1352	2373	2941	3561	9489	9539
11795	11984	12431	12581	12689	12850
1502	2348	2902	3054	9519	9607
2683	2988	3362	3524	9265	9290
2122	2154	5750	5901	7935	8041
2074	2111	5745	6090	7945	8429
2125	2218	5753	6143	7949	8506
4757	4757	6816	6816	8780	8780
4636	4636	6601	6601	8070	8070
1890	2215	5141	6140	7092	8502
1919	2104	5386	5735	7379	7903
1887	2151	5138	5898	7078	8037
1988	2112	5586	5755	7952	8163
1877	1977	5143	5576	7095	8132
1618	2382	3588	3646	9490	9541
1511	2408	2903	3056	9613	9616
2690	3364	3596	3643	9299	9325
1470	1550	2618	3002	3942	3996
5097	5097	7223	7223	8599	8599
4822	5439	6820	7731	8806	8854
5080	5080	7184	7184	7464	7464
1480	1653	2628	3008	4114	4193
10282	10382	10871	10922	11092	11116
11700	12039	12287	12579	12769	12852
11682	12038	12269	12550	12767	12771
2003	2116	5679	5759	7959	8235
4906	6259	6903	9011	9138	9197
1881	2002	5147	5678	7102	8233
4905	6258	6844	8852	9136	9140
10598	10662	11733	11827	12356	12449
10597	10611	11732	11743	12318	12354
70	83	123	175	377	463
10280	10312	10885	11008	11147	11295
4841	5551	6904	7852	9014	9199
4692	5534	6535	7685	7833	9165
1723	1971	4348	5572	6669	8109
4781	4781	6987	6987	10101	10101
4648	4648	6948	6948	10018	10018
4991	6777	8564	8718	9756	9958
4974	6487	7429	7583	9739	9919
2728	3285	4426	5617	6674	8118
2971	3548	4446	5067	6424	7156
4685	5207	6952	7135	10022	10028
13063	13073	13084	13098	13135	13157
10543	10596	11535	11731	12174	12351
4984	6491	7433	7593	9802	9994
3472	3480	4560	5627	6683	8122
5247	7065	7447	7587	9749	9923
10711	10755	11915	12050	12670	12804
1233	1237	1633	1681	4180	4273
1243	1244	1689	1691	4293	4294
10146	10147	10329	10331	11361	11363
71	84	122	176	376	462
10150	10151	10328	10330	11358	11360
2575	2582	2960	3088	3171	3535
10148	10149	10327	10332	11359	11362
1815	2161	5027	5882	7201	8006
7474	7477	7482	7526	7659	8465
1749	2159	4333	5879	6565	7998
3624	3630	4588	5068	6433	7158
1282	1359	2510	3091	3689	3754
1728	2001	4357	5677	6703	8230
10924	10935	11031	11119	11126	11285
1367	1448	2599	2993	3681	3720
11051	11305	11625	11748	12150	12313
10402	10487	10903	11014	11087	11262
90	90	180	180	468	468
1373	1516	3411	3443	3695	3778
10562	10638	11559	11804	12243	12482
11052	11313	11793	11794	12428	12429
11057	11314	11801	11887	12435	12589
10254	10258	10817	10823	12937	12945
10561	10639	11558	11805	12242	12483
10521	10805	11254	11350	12883	12899
10459	10801	11249	11355	12887	12905
10633	10686	11792	11861	12430	12480
11041	11301	11586	11621	12117	12129
10253	10257	10816	10822	12936	12944
10995	11229	11932	11951	12606	12613
10504	10804	11223	11331	12882	12898
1318	1638	2546	3180	3659	3667
10429	10800	11218	11336	12886	12904
1227	1228	1626	1628	4059	4060
4890	5962	6775	8304	8563	8679
10718	10777	11911	12076	12658	12798
4741	5961	6485	7428	7544	8300
2596	2682	2946	3143	3150	3522
2790	3332	5495	6190	7763	9030
1239	1240	1682	1684	4282	4283
1208	1218	1564	1665	4170	4256
2967	3538	4442	4574	6307	6325
1207	1219	1562	1667	4169	4257
4883	5834	6884	7978	8920	8940
4735	5814	6716	7618	7923	8254
1811	2099	5023	5738	7194	7905
1800	1864	5013	5126	7048	7163
11240	11240	11952	11952	12615	12615
1555	1583	2953	3503	3947	3999
1943	2248	5467	6246	7786	9105
1586	1658	2954	3505	4119	4196
10281	10311	10886	11007	11148	11294
10568	10660	11544	11824	12206	12441
10546	10609	11524	11740	12145	12310
1952	2269	5476	6286	7821	9168
2689	2689	3152	3152	3594	3594
13119	13121	13187	13193	13224	13228
10779	10785	12079	12094	12803	12864
10754	10784	12049	12093	12780	12862
1748	2157	4334	5878	6567	7999
2802	3211	4535	5602	6679	8113
3620	3620	4584	4584	6334	6334
13118	13120	13186	13192	13222	13226
10582	10688	11561	11863	12248	12492
10554	10629	11534	11771	12173	12349
7573	7602	8628	8736	10115	10119
8708	8708	8737	8737	10120	10120
7555	7597	8615	8731	10032	10036
8690	8690	8732	8732	10037	10037
11685	11856	12264	12474	12533	12541
10579	10683	11556	11858	12226	12477
4882	5835	6853	7980	8912	8948
10297	10795	10889	11188	12881	12895
11651	11855	12187	12384	12392	12470
11681	11769	12261	12339	12530	12536
7493	7493	7601	7601	10114	10114
10563	10642	11560	11812	12246	12490
4816	5223	6850	7123	8909	8943
2794	3339	5499	6230	7793	9100
10401	10488	10902	11015	11085	11264
1842	2095	5282	5729	7317	7896
2048	2107	5741	5986	7938	8367
1755	2211	4344	6136	6658	8495
10248	10252	10806	10813	12918	12930
10409	10799	10978	11106	12877	12888
5666	5842	7970	8194	8641	8671
1743	2147	4332	5894	6573	8030
5648	5824	7506	7536	7920	8155
1249	1258	2329	2365	9451	9525
1720	2067	4322	6083	6627	8418
1724	1970	4350	5570	6670	8108
1494	2298	2864	3040	9206	9246
5558	5663	7842	8204	9005	9184
1321	2289	2551	3348	9215	9282
1872	2037	5129	5976	7081	8336
5540	5645	7682	7803	8160	9119
1706	1912	4305	5379	6409	7368
1831	1860	5117	5272	7039	7286
1314	1601	2542	3173	3578	3609
1329	2370	2556	3370	9480	9534
1499	2337	2893	3049	9456	9547
1301	1521	2533	3157	3423	3454
2656	2869	3079	3357	9254	9287
10714	10767	11907	12061	12651	12783
1876	2071	5133	6087	7088	8425
2184	2234	5932	6163	8091	9040
10703	10735	11897	12008	12620	12704
2832	3219	4530	5771	6552	7869
1869	1916	5123	5383	7046	7375
10405	10513	10909	11067	11089	11339
10720	10780	11917	12080	12675	12814
1538	2379	3433	3491	9487	9538
1953	2268	5477	6285	7822	9167
1508	2392	2900	3053	9595	9598
2791	3334	5494	6191	7761	9029
2668	3361	3441	3488	9296	9309
1729	2000	4358	5676	6704	8229
1944	2247	5468	6245	7787	9104
10712	10759	11916	12058	12673	12812
2968	3540	4441	4575	6305	6324
10544	10595	11536	11730	12175	12350
13064	13074	13083	13099	13134	13156
1810	2097	5024	5737	7196	7906
1799	1862	5014	5125	7049	7165
1738	2092	4327	5728	6539	7864
1701	1857	4300	5116	6359	7007
3621	3622	4583	4585	6332	6333
1995	2202	5595	5956	8185	8303
1908	1981	5257	5581	7259	8146
11222	11335	11617	11631	12126	12133
1992	2143	5590	5869	8026	8170
1987	2015	5594	5692	8183	8226
1320	2290	2549	3347	9217	9283
13116	13117	13184	13185	13218	13219
1250	1260	2328	2366	9449	9524
1961	2280	5482	6282	7818	9155
10750	10783	12041	12092	12772	12859
1495	2300	2862	3039	9207	9245
1954	2271	5478	6291	7825	9173
10247	10251	10807	10812	12919	12931
1964	2284	5485	6292	7827	9175
1950	2258	5472	6251	7790	9110
10305	10484	10992	11036	11228	11273
10408	10798	10979	11107	12876	12889
3660	3672	4593	4595	6336	6337
10298	10794	10890	11189	12880	12894
1313	1599	2543	3175	3577	3610
10955	11158	11611	11765	12157	12329
1300	1519	2534	3159	3422	3455
10713	10765	11908	12060	12653	12784
2182	2233	5931	6164	8092	9042
10702	10733	11898	12007	12622	12705
2833	3218	4528	5773	6551	7870
10318	10442	10994	11005	11227	11287
2135	2494	5769	7993	9845	10068
2132	2465	5766	7989	9796	9995
10449	10493	11037	11234	11237	11275
1696	1793	4306	5010	6416	7142
10399	10458	10941	11105	11247	11351
5853	5853	7933	7933	9411	9411
1900	2491	5157	7136	9842	10064
5241	5850	7076	7895	9382	9408
10288	10457	10888	11152	11248	11353
1062	1063	1064	1065	1066	1067
2713	3235	4408	5055	6421	7151
2843	3222	4532	5887	6570	8001
10286	10427	10887	11151	11217	11334
1504	2375	2882	3044	9469	9529
1759	2195	4364	5949	6724	8292
10567	10658	11545	11823	12208	12442
10545	10607	11525	11739	12147	12311
2587	2587	3352	3352	9292	9292
10728	10769	12001	12064	12725	12791
2186	2246	5935	6228	8099	9101
67	75	106	140	309	382
10727	10737	12000	12011	12712	12723
3469	3475	4557	5065	6430	7155
1730	2008	4354	5685	6693	8215
2027	2276	5721	6273	8287	9150
2023	2176	5713	5920	8086	8278
2022	2173	5712	5917	8082	8276
2026	2254	5720	6237	8285	9094
81	81	164	164	450	450
13068	13076	13091	13103	13147	13163
2846	3224	4542	5958	6727	8294
10549	10617	11537	11754	12178	12358
1985	1986	5592	5593	8179	8180
1807	1976	5030	5580	7212	8143
10571	10668	11549	11838	12215	12457
13067	13075	13090	13102	13146	13162
10695	10696	11892	11894	12598	12599
10394	10395	10895	10896	11080	11082
10542	10591	11533	11722	12170	12341
1763	2205	4368	5964	6731	8307
4766	4773	6846	6877	8905	8933
1285	1286	2528	2530	3135	3136
4618	4640	6496	6709	7603	8247
13104	13105	13164	13165	13194	13195
2783	3267	5415	5428	7695	7701
10961	11170	11924	11939	12603	12608
1734	2018	4359	5700	6707	8237
10541	10592	11532	11723	12169	12342
2848	3274	5512	6177	7769	9024
10531	10533	11515	11517	12105	12106
2859	3281	5519	6264	7831	9160
1927	2021	5407	5711	7725	8273
10751	10782	12042	12091	12773	12858
2025	2231	5719	6169	8282	9054
2573	2579	2648	3065	3140	3145
4817	5222	6881	7121	8915	8937
11210	11210	11949	11949	12612	12612
2706	3189	4398	4507	6301	6314
4684	5202	6713	7066	7613	8251
1760	2197	4363	5950	6722	8291
1276	1277	2410	2412	9621	9622
2667	2667	3149	3149	3439	3439
4732	5817	6524	7631	7937	8063
10700	10726	11901	11999	12632	12720
4880	5831	6814	7973	8753	8766
1640	2317	3661	3668	9233	9327
1625	2316	3656	3673	9234	9329
3465	3465	4553	4553	6321	6321
1695	1824	4298	5266	6385	7262
1713	2030	4316	5970	6603	8312
13095	13095	13131	13131	13150	13150
1731	2010	4353	5686	6691	8214
7480	7480	7596	7596	10031	10031
2838	3292	5624	5779	7954	8166
11648	11768	12184	12335	12381	12387
5230	5661	7113	8191	8581	8668
2778	3289	5167	5621	7097	8135
5212	5644	7063	7446	7533	8152
10278	10279	10881	10882	11141	11142
13110	13111	13174	13175	13206	13207
2752	3196	4517	5040	6426	7146
2642	2643	2644	3070	3071	3072
2772	3201	4515	5159	6372	7012
5086	5820	7188	7466	7503	7917
5104	5837	7227	7967	8601	8638
4846	5651	6762	8187	8556	8664
4700	5634	6472	7421	7529	8148
1469	1469	2564	2564	2999	2999
4842	5550	6906	7850	9015	9198
1697	1792	4308	5008	6417	7141
11704	12073	12282	12562	12796	12841
1764	2207	4367	5965	6729	8306
1752	2167	4341	5893	6587	8029
5101	5553	7237	7839	9001	9181
4909	6278	6839	8835	8894	9151
4696	5530	6721	7806	8271	9127
11668	12072	12200	12408	12752	12792
5083	5536	7193	7678	7800	9116
2977	3542	4578	5048	6431	7149
2982	3545	4581	5610	6684	8116
10532	10535	11514	11519	12103	12104
4887	5891	6773	8011	8553	8643
2812	3215	4539	5694	6696	8217
2784	3269	5414	5429	7693	7700
4834	5544	6893	7837	8993	9178
2849	3276	5513	6176	7768	9022
2595	2653	2947	3068	3172	3534
4688	5527	6528	7670	7798	9113
1272	1273	2403	2405	9610	9611
11836	11988	12454	12570	12684	12833
11835	11970	12416	12450	12645	12744
1615	2313	3586	3640	9229	9320
1808	1975	5031	5579	7213	8142
1613	2312	3585	3641	9230	9322
2707	3191	4397	4508	6299	6313
1263	1264	2387	2389	9592	9593
1930	2171	5401	5914	7711	8074
1535	2304	3431	3485	9220	9304
1533	2303	3430	3486	9221	9306
2839	3323	5778	5802	7931	7932
2836	3263	5190	5775	7075	7893
2597	2948	3355	3559	9297	9319
1509	2402	2887	3047	9520	9605
1591	2380	2989	3516	9474	9532
4876	5827	6770	7963	8551	8634
4728	5810	6480	7416	7499	7913
3466	3467	4552	4554	6319	6320
1966	2504	5490	7854	9871	10134
5562	6221	7775	9037	9389	9421
2242	2472	6174	9080	9821	10049
7571	7579	8627	8698	8919	8951
8706	8707	8714	8716	8924	8952
4889	5944	6898	8104	8996	9186
7491	7492	7561	7563	8918	8946
7572	7581	8626	8696	8923	8947
11699	12020	12279	12559	12717	12836
2798	3345	5501	6277	7814	9146
4838	5548	6900	7847	9008	9193
4695	5531	6602	7808	8072	9128
7622	8266	8629	8678	8685	8689
7543	7554	7621	8261	8610	8616
10171	10219	10307	10476	10998	11259
2975	3555	4448	5807	6549	7880
11803	11985	12439	12596	12694	12857
2795	3341	5498	6241	7783	9090
5561	6215	7849	9013	9078	9196
11802	11967	12437	12594	12650	12761
5845	6218	7977	8843	8886	9068
2972	3550	4445	5195	6369	7023
2128	2439	5762	7982	9692	9933
1817	2199	5033	5953	7218	8299
1803	1905	5019	5254	7179	7255
1786	2487	4387	6962	9838	10057
4927	5846	6560	7883	9356	9404
1814	2140	5028	5866	7203	8022
1809	2012	5032	5689	7216	8222
10291	10481	10877	11027	11122	11268
1708	1903	4311	5251	6438	7247
1775	2458	4377	6931	9789	9984
2773	3200	4513	5161	6371	7013
1745	2138	4337	5863	6580	8014
1893	2428	5150	7125	9682	9902
4917	5234	6380	7026	9345	9375
4877	5829	6769	7964	8549	8633
4811	5217	6751	7107	8534	8573
10259	10259	10837	10837	12992	12992
3628	3637	4590	5808	6558	7882
2319	2320	9236	9238	9426	9427
10421	10490	11034	11204	11207	11272
3625	3632	4587	5196	6378	7025
10260	10261	10836	10838	12990	12991
2321	2321	9237	9237	9425	9425
4835	5543	6895	7835	8994	9177
1897	2462	5154	7132	9793	9991
4689	5526	6530	7671	7796	9112
10701	10725	11902	11998	12633	12719
10753	10787	12044	12100	12778	12868
5238	5238	7038	7038	9379	9379
2024	2232	5718	6170	8281	9055
1928	2020	5408	5710	7726	8272
2241	2473	6173	9079	9822	10050
1967	2503	5491	7855	9870	10133
5563	6220	7776	9036	9390	9420
1929	2169	5402	5913	7713	8075
10752	10786	12043	12099	12776	12866
1305	1576	2520	2956	3084	3508
10176	10228	10325	10510	11065	11338
4875	5828	6768	7965	8550	8635
4727	5811	6478	7415	7500	7915
1317	1623	2547	3182	3655	3671
2209	2240	5968	6172	8311	9059
10706	10743	11903	12022	12636	12727
4856	5698	6766	8227	8560	8674
10717	10775	11912	12075	12660	12799
4710	5697	6476	7425	7539	8223
2192	2237	5946	6171	8289	9058
3473	3482	4559	5805	6555	7879
1707	1901	4312	5250	6440	7248
1744	2136	4338	5862	6582	8015
13062	13070	13080	13093	13128	13148
13061	13069	13081	13092	13129	13149
10945	11154	11576	11607	12112	12122
4885	5875	6772	8027	8554	8645
4737	5874	6482	7419	7510	8023
1969	2507	5493	7860	9877	10141
4819	5263	6754	7260	8542	8604
4686	5262	6464	7256	7407	7469
1968	2506	5492	7858	9876	10139
2278	2475	6274	9152	9824	10055
5565	6279	7816	9147	9392	9424
10315	10388	10931	11003	11098	11281
2256	2474	6238	9096	9823	10053
4731	5818	6503	7610	7960	8262
5564	6243	7785	9091	9391	9423
4680	5206	6500	7103	7607	8257
1797	1798	5017	5018	7175	7176
4729	5812	6479	7414	7498	7914
4809	5216	6750	7108	8535	8575
2126	2203	5761	5955	7961	8301
10666	10681	11829	11849	12451	12471
1891	2200	5149	5952	7104	8297
10627	10663	11762	11826	12336	12447
1343	1461	2678	2929	3024	3518
4739	5890	6483	7418	7508	8007
4622	4633	6517	6590	7624	8048
4879	5832	6793	7975	8745	8774
4751	4755	6786	6807	8738	8759
4813	5220	6790	7118	8742	8769
10400	10486	10904	11016	11086	11263
4734	5815	6597	7639	7925	8055
4683	5203	6594	7068	7634	8052
1304	1574	2521	2957	3086	3507
1488	1606	2685	3033	3570	3590
4681	5205	6521	7080	7628	8058
4814	5219	6811	7116	8748	8763
10748	10778	12035	12078	12768	12802
2262	2282	6255	6283	9137	9157
2261	2263	6254	6260	9135	9139
10747	10749	12034	12040	12766	12770
1241	1241	1683	1683	4281	4281
1229	1229	1627	1627	4058	4058
10172	10221	10306	10477	10996	11258
10976	11177	11946	12069	12656	12786
1936	2208	5410	5967	7730	8310
1933	2179	5409	5928	7729	8280
2775	3239	5059	5164	7051	7168
5082	5208	7060	7185	7443	7463
2835	3242	5062	5776	7199	7908
5099	5225	7110	7224	8578	8598
2855	3278	5516	6229	7794	9099
10177	10229	10324	10511	11064	11337
11689	11973	12275	12555	12677	12826
10745	10746	12032	12033	12762	12763
11654	11956	12193	12401	12638	12737
1342	1459	2679	2930	3023	3520
2259	2260	6252	6253	9131	9132
4790	5089	6747	7220	8538	8594
2735	3316	4419	5795	6546	7875
4657	5072	6457	7181	7403	7459
2717	3256	4404	5183	6366	7018
4693	5533	6537	7686	7820	9156
4839	5547	6902	7845	9009	9192
5456	5840	7739	7976	8819	8860
2781	3203	4521	5259	6443	7250
2841	3221	4533	5871	6585	8017
4744	4745	6740	6742	8528	8529
4611	4612	6450	6452	7393	7394
11752	11983	12323	12565	12681	12830
11751	11966	12319	12411	12642	12741
2779	3320	5166	5799	7074	7894
2776	3260	5163	5187	7036	7037
1486	1605	2686	3032	3571	3592
1937	2470	5411	7750	9816	10044
1955	2265	5486	6262	7828	9159
5458	5459	7707	7708	9386	9387
4810	5215	6752	7106	8536	8574
10397	10428	10938	11102	11216	11332
1938	2469	5412	7751	9815	10043
4677	5198	6462	7056	7401	7439
1768	2421	4371	6907	9676	9878
7494	7550	7617	8265	8614	8677
10971	11174	11943	12016	12625	12707
2845	3337	5940	6193	8094	9045
7475	7479	7481	7542	7616	8260
4911	4911	6339	6339	9338	9338
5233	6213	7120	8838	8883	9065
11671	11671	12257	12257	12526	12526
2655	2688	3077	3178	3595	3612
5457	6214	7745	8878	8903	9073
6219	6219	8904	8904	9074	9074
1490	1624	2693	3036	3654	3669
2652	2666	3074	3162	3440	3457
2771	3199	4514	5160	6373	7014
2831	3217	4529	5772	6553	7871
7496	7551	7638	8066	8613	8646
7569	7576	8623	8691	8756	8773
7643	8067	8631	8647	8686	8688
8703	8704	8709	8711	8757	8778
4894	6203	6832	8828	8879	9061
4678	5200	6461	7057	7399	7438
3470	3477	4556	5193	6375	7022
5453	5556	7749	7848	9012	9195
10212	10235	10453	10517	11244	11346
10194	10225	10423	10500	11213	11327
12396	12396	12569	12569	12844	12844
12545	12545	12574	12574	12845	12845
7578	7582	8842	8897	9002	9189
8713	8717	8847	8898	9006	9190
4676	5199	6460	7058	7400	7440
12391	12395	12415	12568	12755	12839
12420	12540	12544	12573	12756	12840
10407	10520	10929	11097	11250	11348
12419	12419	12539	12539	12751	12751
1761	2196	4365	5948	6723	8290
7683	8632	8694	8846	8893	9125
5844	5844	7971	7971	8640	8640
5232	5839	7114	7968	8580	8637
10577	10674	11553	11842	12218	12460
5227	5227	7111	7111	8577	8577
10552	10620	11530	11755	12153	12325
7565	7566	8619	8621	8681	8682
8699	8699	8700	8700	8701	8701
7486	7486	7547	7547	8606	8606
13060	13066	13077	13087	13122	13140
10216	10239	10460	10524	11255	11357
10210	10230	10451	10514	11242	11343
10155	10181	10270	10376	10863	11075
10615	10678	11745	11846	12320	12467
10612	10624	11742	11759	12316	12332
1956	2264	5487	6261	7829	9158
10213	10234	10455	10515	11245	11345
1296	1455	2515	2635	3013	3057
10195	10224	10425	10498	11214	11326
1195	1214	1425	1642	4095	4187
1475	1526	2663	3020	3415	3435
1189	1202	1398	1539	3923	3990
5826	5826	7505	7505	7921	7921
2124	2165	5751	5884	7934	8008
5214	5822	7064	7445	7502	7918
4904	6242	6836	8832	8889	9095
11664	12019	12197	12405	12713	12747
1209	1220	1563	1666	4168	4255
1254	1267	2347	2399	9518	9604
1588	2307	2987	3515	9211	9264
1351	2294	2940	3558	9224	9316
10637	10694	11799	11891	12438	12595
4888	5926	6826	8087	8811	8868
4833	5925	6823	8083	8808	8863
10636	10693	11798	11890	12436	12593
4740	5943	6533	7673	8100	9121
1990	2113	5587	5754	7950	8162
1878	1979	5142	5577	7093	8131
2981	3556	5504	6198	7765	9033
7564	7564	8620	8620	8683	8683
10404	10503	10927	11095	11219	11329
7484	7485	7546	7548	8607	8608
10773	10773	12066	12066	12793	12793
10159	10185	10269	10375	10860	11072
2190	2277	5937	6272	8101	9148
2194	2238	5947	6167	8106	9047
10741	10770	12013	12063	12714	12789
2984	3546	4580	5781	6556	7873
4823	5441	6819	7732	8804	8853
10156	10180	10272	10374	10865	11073
11638	11638	12180	12180	12377	12377
7568	7574	8624	8693	8752	8777
3634	3638	5524	6199	7774	9035
7488	7489	7556	7558	8751	8772
1295	1453	2516	2636	3012	3059
7512	7553	7642	8062	8611	8618
7476	7478	7483	7511	7637	8061
5228	5451	7119	7736	8814	8857
2120	2121	5747	5749	7927	7928
1886	2102	5137	5732	7071	7889
1350	2295	2939	3557	9225	9317
1473	1525	2664	3019	3416	3437
1255	1268	2346	2400	9517	9603
1589	2308	2986	3514	9212	9263
2844	3272	5431	5922	7716	8077
1349	1603	2938	3537	3581	3617
1467	1468	2565	2566	2998	3000
1614	2314	3584	3639	9231	9321
1346	1523	2937	3426	3462	3536
1274	1274	2404	2404	9609	9609
1965	2283	5489	6284	7834	9166
1612	1612	3583	3583	3618	3618
10157	10183	10268	10377	10861	11074
1532	1609	3428	3463	3580	3615
5452	5452	7744	7744	8877	8877
13059	13065	13078	13086	13123	13141
1957	2267	5488	6267	7832	9164
2119	2119	5748	5748	7929	7929
1884	2101	5136	5733	7072	7891
2016	2117	5691	5758	7957	8224
1882	2013	5146	5688	7100	8220
10393	10393	10897	10897	11081	11081
8712	8712	8823	8823	8872	8872
8695	8695	8822	8822	8867	8867
12390	12390	12414	12414	12750	12750
7497	7559	7679	8841	8892	9124
1230	1235	1619	1636	3651	3664
2123	2144	5752	5868	7936	8024
1888	2141	5140	5865	7079	8020
1725	1972	4349	5571	6668	8107
1909	2105	5256	5740	7257	7911
1870	1906	5128	5253	7054	7253
5210	5210	7061	7061	7442	7442
7471	7471	7472	7472	7473	7473
1290	1341	2537	2936	3169	3533
1182	1182	1353	1353	3675	3675
1750	2158	4335	5877	6566	7997
10206	10207	10444	10446	11231	11232
1889	2162	5139	5881	7077	8004
10190	10191	10416	10418	11201	11202
10715	10766	11909	12059	12652	12782
13072	13072	13097	13097	13155	13155
1479	1581	2592	2942	3006	3500
1231	1234	1621	1634	3652	3663
10217	10238	10462	10522	11256	11356
1940	2227	5464	6160	7757	9019
2980	3551	5421	5436	7697	7704
2985	3552	5523	6183	7772	9026
2646	2681	2959	3075	3089	3523
2979	3543	4577	5169	6376	7016
13071	13071	13096	13096	13154	13154
2792	3333	5496	6189	7762	9028
2969	3539	4443	4573	6306	6323
10569	10659	11546	11822	12207	12440
1812	2098	5025	5736	7195	7904
1801	1863	5015	5124	7047	7164
3633	3633	5437	5437	7706	7706
3479	3483	5521	6196	7771	9032
1740	2093	4328	5727	6538	7862
1703	1858	4301	5115	6358	7005
1963	2281	5483	6281	7817	9153
1934	2181	5405	5929	7718	8089
1491	1639	2691	3035	3657	3666
10241	10242	10790	10792	12873	12875
1945	2245	5473	6227	7791	9098
10245	10246	10789	10791	12870	12872
10243	10244	10788	10793	12871	12874
1291	1340	2538	2935	3170	3532
10443	10491	10993	11021	11226	11266
1885	2103	5135	5734	7070	7890
1867	1868	5120	5122	7032	7033
1322	2291	2550	3346	9216	9281
1251	1259	2330	2364	9450	9523
1493	2299	2863	3038	9208	9247
10635	10690	11797	11884	12433	12587
1224	1224	1593	1593	3565	3565
1204	1204	1513	1513	3410	3410
1534	2305	3429	3484	9222	9305
1315	1600	2544	3174	3576	3608
1478	1582	2591	2943	3004	3502
1265	1265	2388	2388	9591	9591
1302	1520	2535	3158	3421	3453
10634	10691	11796	11885	12432	12588
2183	2235	5930	6165	8090	9041
10704	10734	11899	12006	12621	12703
1529	1529	3425	3425	3460	3460
1487	1607	2684	3031	3572	3591
1739	2091	4329	5726	6540	7863
5560	5841	7843	7981	9003	9183
5542	5823	7680	7804	7926	9118
1959	2274	5479	6270	7810	9142
1948	2252	5469	6234	7779	9086
1732	2009	4355	5684	6692	8213
1474	1527	2662	3018	3417	3436
1702	1856	4302	5114	6360	7006
7577	7577	8818	8818	8871	8871
7560	7560	8817	8817	8866	8866
2850	3275	5511	6178	7767	9023
1746	2137	4339	5861	6581	8013
1866	1866	5121	5121	7034	7034
1709	1902	4313	5249	6439	7246
1941	2226	5466	6158	7758	9018
10214	10236	10454	10516	11243	11344
1698	1794	4307	5009	6415	7140
1946	2244	5474	6226	7792	9097
1347	1578	2933	2964	3511	3525
61	61	61	61	61	61
1958	2272	5480	6269	7812	9143
1947	2250	5470	6233	7781	9087
1587	1610	2965	3513	3574	3597
2187	2255	5934	6236	8097	9092
10738	10738	12010	12010	12710	12710
1922	1923	5396	5398	7689	7690
10697	10697	11893	11893	12597	12597
2177	2177	5919	5919	8084	8084
2174	2174	5916	5916	8080	8080
1287	1287	2529	2529	3134	3134
10534	10536	11516	11518	12101	12102
2785	3268	5416	5427	7694	7699
1692	1692	4296	4296	6293	6293
3478	3478	5434	5434	7703	7703
10547	10608	11526	11738	12146	12309
10284	10383	10872	10920	11091	11115
2861	3282	5518	6275	7815	9145
10631	10632	11790	11791	12426	12427
1962	2279	5484	6280	7819	9154
1951	2257	5475	6244	7795	9103
4836	5545	6894	7836	8992	9176
4690	5528	6529	7669	7797	9111
1931	2170	5403	5912	7712	8073
5229	5555	7124	7840	8999	9180
5211	5538	7069	7676	7801	9115
10173	10220	10308	10475	10997	11257
5557	5557	7853	7853	9201	9201
5539	5539	7809	7809	9130	9130
2857	3279	5515	6239	7784	9089
1190	1210	1336	1570	2926	3497
1306	1575	2522	2955	3085	3506
1530	1584	2962	3419	3442	3510
10166	10199	10303	10441	10990	11224
1344	1460	2677	2931	3022	3519
10208	10208	10445	10445	11230	11230
10165	10198	10304	10440	10991	11225
1477	1580	2593	2944	3005	3501
1191	1212	1335	1571	2924	3496
1225	1226	1592	1594	3563	3564
10196	10226	10424	10499	11212	11325
1232	1236	1620	1635	3650	3662
13050	13052	13053	13054	13057	13058
10160	10184	10271	10373	10862	11070
1186	1200	1279	1447	2508	2992
10192	10192	10417	10417	11200	11200
1960	2273	5481	6268	7811	9141
13051	13051	13055	13055	13056	13056
10158	10182	10273	10372	10864	11071
1205	1206	1512	1514	3408	3409
1942	2228	5465	6159	7756	9017
1238	1238	1641	1641	3674	3674
1245	1245	2285	2285	9202	9202
1585	1585	2949	2949	3504	3504
1949	2251	5471	6232	7780	9085
1924	1924	5397	5397	7688	7688
1192	1211	1337	1569	2925	3495
10143	10143	10144	10144	10145	10145